      3115.00    -0.148223
      3120.00    0.0783277
      3125.00    0.0599176
      3130.00    0.0376565
      3135.00    0.0312932
      3140.00     0.180571
      3145.00   -0.0222273
      3150.00    0.0948408
      3155.00    0.0504095
      3160.00    0.0138652
      3165.00     0.149960
      3170.00    0.0365142
      3175.00     0.116609
      3180.00    0.0611588
      3185.00   -0.0289177
      3190.00    0.0497157
      3195.00    0.0439166
      3200.00    0.0325620
      3205.00     0.178404
      3210.00    0.0924254
      3215.00     0.117322
      3220.00    0.0768702
      3225.00    0.0989352
      3230.00     0.164378
      3235.00     0.105274
      3240.00    0.0514040
      3245.00     0.139615
      3250.00     0.147562
      3255.00    0.0781600
      3260.00     0.127521
      3265.00    0.0951986
      3270.00     0.145923
      3275.00     0.103103
      3280.00     0.123065
      3285.00     0.144683
      3290.00     0.174734
      3295.00     0.133722
      3300.00     0.133599
      3305.00     0.176942
      3310.00     0.154523
      3315.00     0.138312
      3320.00     0.161820
      3325.00     0.143583
      3330.00     0.181465
      3335.00     0.145264
      3340.00     0.148958
      3345.00     0.178056
      3350.00     0.194598
      3355.00     0.196809
      3360.00     0.191940
      3365.00     0.197007
      3370.00     0.195342
      3375.00     0.204406
      3380.00     0.202860
      3385.00     0.241860
      3390.00     0.210085
      3395.00     0.213041
      3400.00     0.208509
      3405.00     0.213395
      3410.00     0.205899
      3415.00     0.222140
      3420.00     0.221046
      3425.00     0.223675
      3430.00     0.228152
      3435.00     0.223862
      3440.00     0.258022
      3445.00     0.251626
      3450.00     0.268410
      3455.00     0.252993
      3460.00     0.273034
      3465.00     0.258585
      3470.00     0.267995
      3475.00     0.243857
      3480.00     0.277191
      3485.00     0.270428
      3490.00     0.297782
      3495.00     0.268271
      3500.00     0.285349
      3505.00     0.265560
      3510.00     0.261636
      3515.00     0.264318
      3520.00     0.259853
      3525.00     0.260339
      3530.00     0.261611
      3535.00     0.252726
      3540.00     0.225419
      3545.00     0.259823
      3550.00     0.227864
      3555.00     0.211303
      3560.00     0.231688
      3565.00     0.215567
      3570.00     0.193666
      3575.00     0.191215
      3580.00     0.196185
      3585.00     0.183184
      3590.00     0.175801
      3595.00     0.189958
      3600.00     0.186087
      3605.00     0.158636
      3610.00     0.170962
      3615.00     0.176927
      3620.00     0.156087
      3625.00     0.177358
      3630.00     0.159586
      3635.00     0.176430
      3640.00     0.174510
      3645.00     0.175717
      3650.00     0.171255
      3655.00     0.176268
      3660.00     0.174815
      3665.00     0.175551
      3670.00     0.172562
      3675.00     0.170857
      3680.00     0.178084
      3685.00     0.188671
      3690.00     0.182926
      3695.00     0.182568
      3700.00     0.182149
      3705.00     0.196468
      3710.00     0.190869
      3715.00     0.208828
      3720.00     0.205542
      3725.00     0.210888
      3730.00     0.211030
      3735.00     0.230006
      3740.00     0.228719
      3745.00     0.232931
      3750.00     0.241722
      3755.00     0.256923
      3760.00     0.267587
      3765.00     0.285515
      3770.00     0.279358
      3775.00     0.303250
      3780.00     0.311410
      3785.00     0.312534
      3790.00     0.334210
      3795.00     0.356157
      3800.00     0.354862
      3805.00     0.375608
      3810.00     0.392869
      3815.00     0.400363
      3820.00     0.430168
      3825.00     0.420808
      3830.00     0.440882
      3835.00     0.484707
      3840.00     0.490718
      3845.00     0.495982
      3850.00     0.548475
      3855.00     0.546640
      3860.00     0.560807
      3865.00     0.577192
      3870.00     0.609611
      3875.00     0.613304
      3880.00     0.628558
      3885.00     0.619478
      3890.00     0.608907
      3895.00     0.610916
      3900.00     0.609765
      3905.00     0.636961
      3910.00     0.622842
      3915.00     0.616089
      3920.00     0.625004
      3925.00     0.601524
      3930.00     0.585411
      3935.00     0.566692
      3940.00     0.620193
      3945.00     0.611925
      3950.00     0.627719
      3955.00     0.608068
      3960.00     0.613252
      3965.00     0.601828
      3970.00     0.579489
      3975.00     0.587334
      3980.00     0.573075
      3985.00     0.569434
      3990.00     0.582266
      3995.00     0.598593
      4000.00     0.605987
      4005.00     0.616552
      4010.00     0.630757
      4015.00     0.621741
      4020.00     0.629261
      4025.00     0.620914
      4030.00     0.565779
      4035.00     0.582843
      4040.00     0.641772
      4045.00     0.650989
      4050.00     0.651641
      4055.00     0.654396
      4060.00     0.650211
      4065.00     0.619587
      4070.00     0.624565
      4075.00     0.661046
      4080.00     0.671362
      4085.00     0.670562
      4090.00     0.682374
      4095.00     0.678290
      4100.00     0.694468
      4105.00     0.672642
      4110.00     0.676937
      4115.00     0.666855
      4120.00     0.671793
      4125.00     0.669209
      4130.00     0.665341
      4135.00     0.667158
      4140.00     0.678160
      4145.00     0.671753
      4150.00     0.677089
      4155.00     0.663144
      4160.00     0.659747
      4165.00     0.667263
      4170.00     0.657326
      4175.00     0.649481
      4180.00     0.648997
      4185.00     0.634798
      4190.00     0.645131
      4195.00     0.630651
      4200.00     0.608679
      4205.00     0.597580
      4210.00     0.595042
      4215.00     0.586769
      4220.00     0.578265
      4225.00     0.569311
      4230.00     0.557886
      4235.00     0.545389
      4240.00     0.538631
      4245.00     0.527995
      4250.00     0.502247
      4255.00     0.487258
      4260.00     0.482054
      4265.00     0.469515
      4270.00     0.452968
      4275.00     0.438869
      4280.00     0.430542
      4285.00     0.423344
      4290.00     0.415033
      4295.00     0.406396
      4300.00     0.394193
      4305.00     0.384412
      4310.00     0.388223
      4315.00     0.398169
      4320.00     0.384690
      4325.00     0.382359
      4330.00     0.377773
      4335.00     0.385486
      4340.00     0.382316
      4345.00     0.394596
      4350.00     0.392493
      4355.00     0.398212
      4360.00     0.406724
      4365.00     0.411718
      4370.00     0.419420
      4375.00     0.426874
      4380.00     0.431566
      4385.00     0.439230
      4390.00     0.451922
      4395.00     0.452070
      4400.00     0.458997
      4405.00     0.462627
      4410.00     0.478651
      4415.00     0.474356
      4420.00     0.486560
      4425.00     0.500865
      4430.00     0.511225
      4435.00     0.518023
      4440.00     0.516571
      4445.00     0.528083
      4450.00     0.542388
      4455.00     0.546295
      4460.00     0.551406
      4465.00     0.568330
      4470.00     0.581796
      4475.00     0.585119
      4480.00     0.588222
      4485.00     0.592819
      4490.00     0.602195
      4495.00     0.599792
      4500.00     0.612008
      4505.00     0.622046
      4510.00     0.628435
      4515.00     0.615458
      4520.00     0.617138
      4525.00     0.619189
      4530.00     0.627690
      4535.00     0.614330
      4540.00     0.615680
      4545.00     0.614398
      4550.00     0.603694
      4555.00     0.617943
      4560.00     0.614640
      4565.00     0.606323
      4570.00     0.596993
      4575.00     0.595267
      4580.00     0.585748
      4585.00     0.589268
      4590.00     0.581414
      4595.00     0.578930
      4600.00     0.552441
      4605.00     0.537184
      4610.00     0.536458
      4615.00     0.517862
      4620.00     0.504902
      4625.00     0.483128
      4630.00     0.470865
      4635.00     0.463518
      4640.00     0.449484
      4645.00     0.449428
      4650.00     0.453186
      4655.00     0.443556
      4660.00     0.448117
      4665.00     0.420446
      4670.00     0.421152
      4675.00     0.419015
      4680.00     0.418121
      4685.00     0.410321
      4690.00     0.414110
      4695.00     0.398647
      4700.00     0.391007
      4705.00     0.379822
      4710.00     0.378097
      4715.00     0.365242
      4720.00     0.360900
      4725.00     0.368182
      4730.00     0.358059
      4735.00     0.352634
      4740.00     0.351399
      4745.00     0.351269
      4750.00     0.343908
      4755.00     0.352862
      4760.00     0.346963
      4765.00     0.341729
      4770.00     0.350029
      4775.00     0.359747
      4780.00     0.348732
      4785.00     0.356723
      4790.00     0.355818
      4795.00     0.352543
      4800.00     0.355787
      4805.00     0.355443
      4810.00     0.364254
      4815.00     0.352525
      4820.00     0.351239
      4825.00     0.346913
      4830.00     0.341261
      4835.00     0.340952
      4840.00     0.344094
      4845.00     0.329549
      4850.00     0.327384
      4855.00     0.328310
      4860.00     0.320287
      4865.00     0.313930
      4870.00     0.316474
      4875.00     0.319473
      4880.00     0.318725
      4885.00     0.317687
      4890.00     0.314820
      4895.00     0.325316
      4900.00     0.324896
      4905.00     0.314732
      4910.00     0.324652
      4915.00     0.320980
      4920.00     0.317450
      4925.00     0.325444
      4930.00     0.331051
      4935.00     0.329431
      4940.00     0.333874
      4945.00     0.335121
      4950.00     0.347463
      4955.00     0.338726
      4960.00     0.342134
      4965.00     0.343337
      4970.00     0.342990
      4975.00     0.333358
      4980.00     0.399591
      4985.00     0.388706
      4990.00     0.340986
      4995.00     0.344842
      5000.00     0.349334
      5005.00     0.356732
      5010.00     0.361318
      5015.00     0.370048
      5020.00     0.374739
      5025.00     0.378372
      5030.00     0.387754
      5035.00     0.387157
      5040.00     0.394534
      5045.00     0.386434
      5050.00     0.406091
      5055.00     0.415059
      5060.00     0.419855
      5065.00     0.433301
      5070.00     0.439912
      5075.00     0.448443
      5080.00     0.450373
      5085.00     0.456920
      5090.00     0.464598
      5095.00     0.471180
      5100.00     0.471439
      5105.00     0.475532
      5110.00     0.485921
      5115.00     0.492124
      5120.00     0.489902
      5125.00     0.487608
      5130.00     0.493367
      5135.00     0.487753
      5140.00     0.493917
      5145.00     0.502139
      5150.00     0.508569
      5155.00     0.507324
      5160.00     0.515073
      5165.00     0.515112
      5170.00     0.511100
      5175.00     0.514542
      5180.00     0.515017
      5185.00     0.514508
      5190.00     0.514421
      5195.00     0.510510
      5200.00     0.504795
      5205.00     0.493749
      5210.00     0.492937
      5215.00     0.495111
      5220.00     0.484464
      5225.00     0.477606
      5230.00     0.473117
      5235.00     0.462509
      5240.00     0.458383
      5245.00     0.463809
      5250.00     0.459228
      5255.00     0.446195
      5260.00     0.445990
      5265.00     0.444602
      5270.00     0.446172
      5275.00     0.450058
      5280.00     0.437150
      5285.00     0.443748
      5290.00     0.442228
      5295.00     0.432248
      5300.00     0.434126
      5305.00     0.436196
      5310.00     0.434432
      5315.00     0.439689
      5320.00     0.440910
      5325.00     0.430139
      5330.00     0.435580
      5335.00     0.427196
      5340.00     0.424025
      5345.00     0.434064
      5350.00     0.422681
      5355.00     0.419624
      5360.00     0.423557
      5365.00     0.409921
      5370.00     0.413378
      5375.00     0.406257
      5380.00     0.407539
      5385.00     0.396958
      5390.00     0.394916
      5395.00     0.382626
      5400.00     0.382098
      5405.00     0.379792
      5410.00     0.382208
      5415.00     0.378055
      5420.00     0.367096
      5425.00     0.373608
      5430.00     0.368439
      5435.00     0.375671
      5440.00     0.374629
      5445.00     0.371327
      5450.00     0.368199
      5455.00     0.362909
      5460.00     0.367900
      5465.00     0.376100
      5470.00     0.372669
      5475.00     0.381070
      5480.00     0.383117
      5485.00     0.381057
      5490.00     0.368257
      5495.00     0.376090
      5500.00     0.380627
      5505.00     0.379113
      5510.00     0.413491
      5515.00     0.389298
      5520.00     0.407781
      5525.00     0.410573
      5530.00     0.407149
      5535.00     0.408624
      5540.00     0.391876
      5545.00     0.430851
      5550.00     0.422174
      5555.00     0.438890
      5560.00     0.401240
      5565.00     0.419501
      5570.00     0.420096
      5575.00     0.467496
      5580.00     0.408696
      5585.00     0.397370
      5590.00     0.409692
      5595.00     0.405558
      5600.00     0.411352
      5605.00     0.412289
      5610.00     0.400538
      5615.00     0.418127
      5620.00     0.426621
      5625.00     0.422399
      5630.00     0.413544
      5635.00     0.408967
      5640.00     0.414021
      5645.00     0.403185
      5650.00     0.390537
      5655.00     0.390487
      5660.00     0.387512
      5665.00     0.398826
      5670.00     0.384635
      5675.00     0.371133
      5680.00     0.384492
      5685.00     0.378757
      5690.00     0.372097
      5695.00     0.364670
      5700.00     0.363901
      5705.00     0.356221
      5710.00     0.346128
      5715.00     0.354957
      5720.00     0.348392
      5725.00     0.347749
      5730.00     0.347284
      5735.00     0.335724
      5740.00     0.331881
      5745.00     0.340703
      5750.00     0.348216
      5755.00     0.334572
      5760.00     0.340955
      5765.00     0.339665
      5770.00     0.345779
      5775.00     0.345548
      5780.00     0.340509
      5785.00     0.340937
      5790.00     0.342003
      5795.00     0.338659
      5800.00     0.345123
      5805.00     0.330513
      5810.00     0.342496
      5815.00     0.340709
      5820.00     0.340657
      5825.00     0.348591
      5830.00     0.345280
      5835.00     0.344812
      5840.00     0.339406
      5845.00     0.344425
      5850.00     0.345122
      5855.00     0.345954
      5860.00     0.340006
      5865.00     0.349006
      5870.00     0.351791
      5875.00     0.347263
      5880.00     0.341398
      5885.00     0.347771
      5890.00     0.350199
      5895.00     0.338678
      5900.00     0.343567
      5905.00     0.338663
      5910.00     0.342931
      5915.00     0.345408
      5920.00     0.342784
      5925.00     0.340807
      5930.00     0.335447
      5935.00     0.341233
      5940.00     0.335126
      5945.00     0.327496
      5950.00     0.331049
      5955.00     0.325692
      5960.00     0.304761
      5965.00     0.294959
      5970.00     0.290925
      5975.00     0.284096
      5980.00     0.277130
      5985.00     0.268106
      5990.00     0.252367
      5995.00     0.266548
      6000.00     0.249590
      6005.00     0.252629
      6010.00     0.245270
      6015.00     0.234066
      6020.00     0.241465
      6025.00     0.227902
      6030.00     0.213588
      6035.00     0.184040
      6040.00     0.177332
      6045.00     0.189841
      6050.00     0.194344
      6055.00     0.201297
      6060.00     0.194180
      6065.00     0.201932
      6070.00     0.196244
      6075.00     0.190139
      6080.00     0.187813
      6085.00     0.189481
      6090.00     0.186274
      6095.00     0.190833
      6100.00     0.186371
      6105.00     0.187663
      6110.00     0.191185
      6115.00     0.190004
      6120.00     0.192346
      6125.00     0.199963
      6130.00     0.209814
      6135.00     0.203746
      6140.00     0.209430
      6145.00     0.219799
      6150.00     0.216836
      6155.00     0.224210
      6160.00     0.227453
      6165.00     0.236790
      6170.00     0.246808
      6175.00     0.248556
      6180.00     0.256368
      6185.00     0.263402
      6190.00     0.266722
      6195.00     0.275583
      6200.00     0.286661
      6205.00     0.295304
      6210.00     0.293543
      6215.00     0.305691
      6220.00     0.313234
      6225.00     0.316948
      6230.00     0.323269
      6235.00     0.333327
      6240.00     0.334275
      6245.00     0.339473
      6250.00     0.338871
      6255.00     0.345900
      6260.00     0.348753
      6265.00     0.360816
      6270.00     0.359218
      6275.00     0.359997
      6280.00     0.370876
      6285.00     0.367093
      6290.00     0.365814
      6295.00     0.374539
      6300.00     0.380204
      6305.00     0.385025
      6310.00     0.376913
      6315.00     0.388531
      6320.00     0.387005
      6325.00     0.392311
      6330.00     0.391143
      6335.00     0.393947
      6340.00     0.394140
      6345.00     0.393259
      6350.00     0.398986
      6355.00     0.401162
      6360.00     0.409985
      6365.00     0.408018
      6370.00     0.407408
      6375.00     0.413077
      6380.00     0.408021
      6385.00     0.409682
      6390.00     0.416156
      6395.00     0.413699
      6400.00     0.412410
      6405.00     0.410390
      6410.00     0.407037
      6415.00     0.410109
      6420.00     0.412325
      6425.00     0.414848
      6430.00     0.412232
      6435.00     0.405552
      6440.00     0.403717
      6445.00     0.414623
      6450.00     0.415696
      6455.00     0.410361
      6460.00     0.409715
      6465.00     0.405482
      6470.00     0.403899
      6475.00     0.400577
      6480.00     0.401833
      6485.00     0.405934
      6490.00     0.399387
      6495.00     0.402062
      6500.00     0.402116
      6505.00     0.406232
      6510.00     0.403464
      6515.00     0.401112
      6520.00     0.396629
      6525.00     0.397394
      6530.00     0.401075
      6535.00     0.397709
      6540.00     0.394230
      6545.00     0.400702
      6550.00     0.400517
      6555.00     0.399238
      6560.00     0.390665
      6565.00     0.392487
      6570.00     0.388407
      6575.00     0.392761
      6580.00     0.387391
      6585.00     0.387747
      6590.00     0.384051
      6595.00     0.377922
      6600.00     0.377310
      6605.00     0.382935
      6610.00     0.371787
      6615.00     0.365432
      6620.00     0.368864
      6625.00     0.366145
      6630.00     0.364881
      6635.00     0.361808
      6640.00     0.355130
      6645.00     0.357254
      6650.00     0.349394
      6655.00     0.341127
      6660.00     0.342688
      6665.00     0.339564
      6670.00     0.328002
      6675.00     0.339169
      6680.00     0.338507
      6685.00     0.327770
      6690.00     0.326100
      6695.00     0.321938
      6700.00     0.315289
      6705.00     0.320241
#      6710.00     0.337944
#      6715.00     0.316322
#      6720.00     0.389946
#      6725.00     0.590781
#      6730.00     0.148121
#      6735.00      16.2681
#      6740.00     0.684961
#      6745.00     0.362812
#      6750.00     0.308828
      6755.00     0.281453
      6760.00     0.268332
      6765.00     0.286068
      6770.00     0.277729
      6775.00     0.285293
      6780.00     0.288519
      6785.00     0.291506
      6790.00     0.306012
      6795.00     0.301800
      6800.00     0.302600
      6805.00     0.304293
      6810.00     0.308444
      6815.00     0.317574
      6820.00     0.317829
      6825.00     0.325739
      6830.00     0.330971
      6835.00     0.328822
      6840.00     0.326289
      6845.00     0.342274
      6850.00     0.343688
      6855.00     0.350167
      6860.00     0.335523
      6865.00     0.323166
      6870.00     0.350637
      6875.00     0.339126
      6880.00     0.376317
      6885.00     0.354864
      6890.00     0.340704
      6895.00     0.366706
      6900.00     0.347875
      6905.00     0.313582
      6910.00     0.312495
      6915.00     0.304289
      6920.00     0.298811
      6925.00     0.299896
      6930.00     0.299277
      6935.00     0.294216
      6940.00     0.299369
      6945.00     0.294543
      6950.00     0.294720
      6955.00     0.290863
      6960.00     0.286884
      6965.00     0.286020
      6970.00     0.295387
      6975.00     0.295713
      6980.00     0.294333
      6985.00     0.295240
      6990.00     0.300068
      6995.00     0.303793
      7000.00     0.305937
      7005.00     0.306281
      7010.00     0.302548
      7015.00     0.303270
      7020.00     0.302497
      7025.00     0.303313
      7030.00     0.299228
      7035.00     0.305759
      7040.00     0.299878
      7045.00     0.305831
      7050.00     0.304391
      7055.00     0.305338
      7060.00     0.304924
      7065.00     0.308463
      7070.00     0.298932
      7075.00     0.300020
      7080.00     0.299435
      7085.00     0.298178
      7090.00     0.301301
      7095.00     0.302340
      7100.00     0.298824
      7105.00     0.297247
      7110.00     0.300746
      7115.00     0.296708
      7120.00     0.292679
      7125.00     0.295676
      7130.00     0.300179
      7135.00     0.302765
      7140.00     0.302621
      7145.00     0.299170
      7150.00     0.296788
      7155.00     0.306897
      7160.00     0.301066
      7165.00     0.304902
      7170.00     0.301813
      7175.00     0.301739
      7180.00     0.307038
      7185.00     0.301018
      7190.00     0.302231
      7195.00     0.300737
      7200.00     0.300593
      7205.00     0.296413
      7210.00     0.300263
      7215.00     0.300921
      7220.00     0.300274
      7225.00     0.295812
      7230.00     0.298632
      7235.00     0.288367
      7240.00     0.293868
      7245.00     0.298411
      7250.00     0.283394
      7255.00     0.282009
      7260.00     0.278442
      7265.00     0.279024
      7270.00     0.273171
      7275.00     0.277798
      7280.00     0.272040
      7285.00     0.270511
      7290.00     0.265171
      7295.00     0.262661
      7300.00     0.260929
      7305.00     0.265534
      7310.00     0.262242
      7315.00     0.268323
      7320.00     0.252271
      7325.00     0.259233
      7330.00     0.260577
      7335.00     0.254247
      7340.00     0.255516
      7345.00     0.254460
      7350.00     0.253430
      7355.00     0.254466
      7360.00     0.256132
      7365.00     0.253296
      7370.00     0.257423
      7375.00     0.252656
      7380.00     0.251103
      7385.00     0.253659
      7390.00     0.255033
      7395.00     0.256575
      7400.00     0.257370
      7405.00     0.253993
      7410.00     0.256398
      7415.00     0.254283
      7420.00     0.252807
      7425.00     0.250745
      7430.00     0.260837
      7435.00     0.257840
      7440.00     0.254269
      7445.00     0.252244
      7450.00     0.253793
      7455.00     0.251016
      7460.00     0.252084
      7465.00     0.249609
      7470.00     0.250750
      7475.00     0.244315
      7480.00     0.253488
      7485.00     0.249539
      7490.00     0.246961
      7495.00     0.249104
      7500.00     0.249700
      7505.00     0.247131
      7510.00     0.249885
      7515.00     0.250266
      7520.00     0.243827
      7525.00     0.251257
      7530.00     0.243558
      7535.00     0.241284
      7540.00     0.243482
      7545.00     0.243196
      7550.00     0.245584
      7555.00     0.247640
      7560.00     0.250614
      7565.00     0.245356
      7570.00     0.250874
      7575.00     0.252156
      7580.00     0.244128
      7585.00     0.246825
      7590.00     0.250253
      7595.00     0.257826
      7600.00     0.254612
      7605.00     0.233913
      7610.00     0.229445
      7615.00     0.235940
      7620.00     0.230136
      7625.00     0.246489
      7630.00     0.246840
      7635.00     0.240016
      7640.00     0.233974
      7645.00     0.232528
      7650.00     0.233297
      7655.00     0.224649
      7660.00     0.225083
      7665.00     0.226445
      7670.00     0.221597
      7675.00     0.216846
      7680.00     0.217114
      7685.00     0.216279
      7690.00     0.217201
      7695.00     0.214216
      7700.00     0.210692
      7705.00     0.211578
      7710.00     0.212835
      7715.00     0.213540
      7720.00     0.200113
      7725.00     0.198632
      7730.00     0.194480
      7735.00     0.195609
      7740.00     0.193665
      7745.00     0.193484
      7750.00     0.197380
      7755.00     0.169981
      7760.00     0.178221
      7765.00     0.171918
      7770.00     0.172928
      7775.00     0.166672
      7780.00     0.164761
      7785.00     0.164551
      7790.00     0.162989
      7795.00     0.161909
      7800.00     0.147713
      7805.00     0.153281
      7810.00     0.153295
      7815.00     0.141121
      7820.00     0.150609
      7825.00     0.142134
      7830.00     0.139828
      7835.00     0.145076
      7840.00     0.149474
      7845.00     0.135400
      7850.00     0.137096
      7855.00     0.134489
      7860.00     0.128158
      7865.00     0.129286
      7870.00     0.137906
      7875.00     0.131235
      7880.00     0.131766
      7885.00     0.127757
      7890.00     0.130723
      7895.00     0.124912
      7900.00     0.123427
      7905.00     0.120578
      7910.00     0.133017
      7915.00     0.128783
      7920.00     0.124023
      7925.00     0.118778
      7930.00     0.124977
      7935.00     0.112574
      7940.00     0.115422
      7945.00     0.120293
      7950.00     0.117818
      7955.00     0.115881
      7960.00     0.116734
      7965.00     0.125453
      7970.00     0.107262
      7975.00     0.119013
      7980.00     0.118168
      7985.00     0.116406
      7990.00     0.125716
      7995.00     0.119783
      8000.00     0.110658
      8005.00     0.120308
      8010.00     0.121988
      8015.00     0.126521
      8020.00     0.119313
      8025.00     0.134782
      8030.00     0.120936
      8035.00     0.128080
      8040.00     0.129146
      8045.00     0.132491
      8050.00     0.134419
      8055.00     0.131461
      8060.00     0.140556
      8065.00     0.136292
      8070.00     0.131714
      8075.00     0.135254
      8080.00     0.135398
      8085.00     0.135873
      8090.00     0.138732
      8095.00     0.140961
      8100.00     0.145216
      8105.00     0.143616
      8110.00     0.138405
      8115.00     0.142971
      8120.00     0.143674
      8125.00     0.143986
      8130.00     0.145497
      8135.00     0.151317
      8140.00     0.154174
      8145.00     0.152770
      8150.00     0.157795
      8155.00     0.160063
      8160.00     0.157865
      8165.00     0.169230
      8170.00     0.175999
      8175.00     0.171907
      8180.00     0.167439
      8185.00     0.173693
      8190.00     0.172361
      8195.00     0.172458
      8200.00     0.169607
      8205.00     0.178475
      8210.00     0.179689
      8215.00     0.184444
      8220.00     0.185122
      8225.00     0.182548
      8230.00     0.183284
      8235.00     0.193929
      8240.00     0.195248
      8245.00     0.190710
      8250.00     0.189729
      8255.00     0.193088
      8260.00     0.196928
      8265.00     0.191962
      8270.00     0.193141
      8275.00     0.200918
      8280.00     0.211374
      8285.00     0.207751
      8290.00     0.200672
      8295.00     0.202641
      8300.00     0.210825
      8305.00     0.203054
      8310.00     0.218885
      8315.00     0.215291
      8320.00     0.220789
      8325.00     0.223299
      8330.00     0.223419
      8335.00     0.226262
      8340.00     0.240085
      8345.00     0.250779
      8350.00     0.223383
      8355.00     0.239109
      8360.00     0.236183
      8365.00     0.244359
      8370.00     0.238515
      8375.00     0.249889
      8380.00     0.252478
      8385.00     0.243022
      8390.00     0.249939
      8395.00     0.260264
      8400.00     0.265463
      8405.00     0.233537
      8410.00     0.255372
      8415.00     0.265809
      8420.00     0.253698
      8425.00     0.265222
      8430.00     0.286009
      8435.00     0.256450
      8440.00     0.266848
      8445.00     0.270223
      8450.00     0.276044
      8455.00     0.268719
      8460.00     0.272619
      8465.00     0.293170
      8470.00     0.258601
      8475.00     0.280535
      8480.00     0.280985
      8485.00     0.280539
      8490.00     0.280295
      8495.00     0.278257
      8500.00     0.280880
      8505.00     0.294124
      8510.00     0.277831
      8515.00     0.285911
      8520.00     0.291785
      8525.00     0.288240
      8530.00     0.290549
      8535.00     0.287413
      8540.00     0.288932
      8545.00     0.285699
      8550.00     0.290470
      8555.00     0.288167
      8560.00     0.290272
      8565.00     0.294030
      8570.00     0.289343
      8575.00     0.295636
      8580.00     0.291647
      8585.00     0.291981
      8590.00     0.291911
      8595.00     0.289706
      8600.00     0.289843
      8605.00     0.294741
      8610.00     0.296095
      8615.00     0.298718
      8620.00     0.299323
      8625.00     0.300046
      8630.00     0.293611
      8635.00     0.291331
      8640.00     0.284701
      8645.00     0.282944
      8650.00     0.291812
      8655.00     0.289736
      8660.00     0.287564
      8665.00     0.288341
      8670.00     0.287282
      8675.00     0.281601
      8680.00     0.283637
      8685.00     0.293115
      8690.00     0.285755
      8695.00     0.288353
      8700.00     0.284092
      8705.00     0.278752
      8710.00     0.274068
      8715.00     0.283142
      8720.00     0.279829
      8725.00     0.279934
      8730.00     0.277948
      8735.00     0.276595
      8740.00     0.279280
      8745.00     0.277457
      8750.00     0.264241
      8755.00     0.263085
      8760.00     0.288908
      8765.00     0.282816
      8770.00     0.275703
      8775.00     0.282301
      8780.00     0.282314
      8785.00     0.262657
      8790.00     0.288470
      8795.00     0.270923
      8800.00     0.277396
      8805.00     0.269548
      8810.00     0.279247
      8815.00     0.274491
      8820.00     0.272114
      8825.00     0.302066
      8830.00     0.274961
      8835.00     0.265793
      8840.00     0.262768
      8845.00     0.273182
      8850.00     0.272826
      8855.00     0.262135
      8860.00     0.266235
      8865.00     0.272261
      8870.00     0.258161
      8875.00     0.231873
      8880.00     0.252462
      8885.00     0.288015
      8890.00     0.236426
      8895.00     0.253527
      8900.00     0.261232
      8905.00     0.260270
      8910.00     0.244384
      8915.00     0.253798
      8920.00     0.287594
      8925.00     0.226232
      8930.00     0.251053
      8935.00     0.255188
      8940.00     0.261042
      8945.00     0.261821
      8950.00     0.238553
      8955.00     0.267492
      8960.00     0.255878
      8965.00     0.220643
      8970.00     0.249529
      8975.00     0.247062
      8980.00     0.250948
      8985.00     0.247575
      8990.00     0.252070
      8995.00     0.236150
      9000.00     0.265948
      9005.00     0.237616
      9010.00     0.238016
      9015.00     0.247078
      9020.00     0.241275
      9025.00     0.238320
      9030.00     0.243806
      9035.00     0.243833
      9040.00     0.240196
      9045.00     0.236027
      9050.00     0.255901
      9055.00     0.233459
      9060.00     0.240117
      9065.00     0.235426
      9070.00     0.238621
      9075.00     0.237868
      9080.00     0.231657
      9085.00     0.228630
      9090.00     0.232949
      9095.00     0.234655
      9100.00     0.233005
      9105.00     0.232293
      9110.00     0.234101
      9115.00     0.237238
      9120.00     0.237395
      9125.00     0.234973
      9130.00     0.236218
      9135.00     0.237765
      9140.00     0.241775
      9145.00     0.240341
      9150.00     0.239542
      9155.00     0.241411
      9160.00     0.237567
      9165.00     0.234992
      9170.00     0.237157
      9175.00     0.241691
      9180.00     0.241125
      9185.00     0.240922
      9190.00     0.243378
      9195.00     0.243979
      9200.00     0.239885
      9205.00     0.248907
      9210.00     0.243748
      9215.00     0.242356
      9220.00     0.238524
      9225.00     0.245598
      9230.00     0.236603
      9235.00     0.244266
      9240.00     0.244067
      9245.00     0.241915
      9250.00     0.243868
      9255.00     0.244279
      9260.00     0.247807
      9265.00     0.250892
      9270.00     0.250006
      9275.00     0.251552
      9280.00     0.247168
      9285.00     0.251426
      9290.00     0.260511
      9295.00     0.261857
      9300.00     0.244428
      9305.00     0.270616
      9310.00     0.275928
      9315.00     0.250113
      9320.00     0.239299
      9325.00     0.275853
      9330.00     0.224678
      9335.00     0.264320
      9340.00     0.269399
      9345.00     0.262644
      9350.00     0.269764
      9355.00     0.266973
      9360.00     0.262316
      9365.00     0.256846
      9370.00     0.250449
      9375.00     0.338549
      9380.00     0.191052
      9385.00     0.243473
      9390.00     0.241643
      9395.00     0.238718
      9400.00     0.260710
      9405.00     0.244776
      9410.00     0.243578
      9415.00     0.247127
      9420.00     0.271149
      9425.00     0.234128
      9430.00     0.246288
      9435.00     0.253713
      9440.00     0.307279
      9445.00     0.160833
      9450.00     0.233223
      9455.00     0.251786
      9460.00     0.270910
      9465.00     0.218001
      9470.00     0.239434
      9475.00     0.288852
      9480.00     0.232870
      9485.00     0.205188
      9490.00     0.239144
      9495.00     0.245596
      9500.00     0.253283
      9505.00     0.247869
      9510.00     0.220951
      9515.00     0.243962
      9520.00     0.288024
      9525.00     0.210136
      9530.00     0.244572
      9535.00     0.242958
      9540.00     0.243630
      9545.00     0.245243
      9550.00     0.256902
      9555.00     0.242911
      9560.00     0.229911
      9565.00     0.290165
      9570.00     0.236488
      9575.00     0.204682
      9580.00     0.234816
      9585.00     0.244013
      9590.00     0.233258
      9595.00     0.235642
      9600.00     0.233237
      9605.00     0.254579
      9610.00     0.236026
      9615.00     0.219344
      9620.00     0.257671
      9625.00     0.214484
      9630.00     0.222480
      9635.00     0.224273
      9640.00     0.225082
      9645.00     0.226005
      9650.00     0.231708
      9655.00     0.225908
      9660.00     0.224681
      9665.00     0.229671
      9670.00     0.231964
      9675.00     0.215404
      9680.00     0.244440
      9685.00     0.223935
      9690.00     0.220570
      9695.00     0.223244
      9700.00     0.246428
      9705.00     0.208061
      9710.00     0.235395
      9715.00     0.222475
      9720.00     0.246254
      9725.00     0.211688
      9730.00     0.225424
      9735.00     0.229640
      9740.00     0.229910
      9745.00     0.224592
      9750.00     0.223147
      9755.00     0.228621
      9760.00     0.236360
      9765.00     0.262576
      9770.00     0.235752
      9775.00     0.224668
      9780.00     0.226090
      9785.00     0.218778
      9790.00     0.297340
      9795.00     0.187036
      9800.00     0.218276
      9805.00     0.206455
      9810.00     0.222949
      9815.00     0.218907
      9820.00     0.217448
      9825.00     0.227133
      9830.00     0.227329
      9835.00     0.222855
      9840.00     0.226419
      9845.00     0.238710
      9850.00     0.238716
      9855.00     0.214259
      9860.00     0.221039
      9865.00     0.217929
      9870.00     0.251840
      9875.00     0.233145
      9880.00     0.192075
      9885.00     0.224949
      9890.00     0.213613
      9895.00     0.256374
      9900.00     0.222014
      9905.00     0.215792
      9910.00     0.202858
      9915.00     0.260635
      9920.00     0.206195
      9925.00     0.205409
      9930.00     0.209886
      9935.00     0.206785
      9940.00     0.232757
      9945.00     0.274333
      9950.00     0.165048
      9955.00     0.210659
      9960.00     0.229108
      9965.00     0.187077
      9970.00     0.204378
      9975.00     0.223341
      9980.00     0.209333
      9985.00     0.214769
      9990.00     0.221152
      9995.00     0.219783
      10000.0     0.237154
      10005.0     0.193658
      10010.0     0.330717
      10015.0     0.284761
      10020.0     0.140339
      10025.0     0.261731
      10030.0     0.187728
      10035.0     0.207579
      10040.0     0.229243
      10045.0     0.249692
      10050.0     0.221362
      10055.0     0.231033
      10060.0     0.261237
      10065.0     0.223817
      10070.0     0.229294
      10075.0     0.207292
      10080.0     0.274115
      10085.0     0.257031
      10090.0     0.188423
      10095.0     0.221442
      10100.0     0.221190
      10105.0     0.268938
      10110.0     0.206222
      10115.0     0.216949
      10120.0     0.234924
      10125.0     0.327182
      10130.0     0.163120
      10135.0     0.202412
      10140.0     0.206358
      10145.0     0.216058
      10150.0     0.230788
      10155.0     0.232209
      10160.0     0.193630
      10165.0     0.184010
      10170.0     0.325502
      10175.0     0.182194
      10180.0     0.169955
