# DICHROIC = D55
# HA = +01:01:31.0
# ANGLE = 27 deg 17 min
# OBSERVER = Goldstein
# OBSLST = 13:29:51.0
# OBJECT = ZTF19adcecwu
# CASSPA = 150.00
# PARALLAC = 155.71
# HOURANG = W01:01:31.0
# CCDTEMP = 161.67
# LAMPS = 0000000
# RA = 12:27:23.27
# GRATING = 600/4000
# APERTURE = 2.0
# TELFOCUS = 44.03 mm
# AIRMASS = 1.188
# DEC = +64:47:52.6
# UTSHUT = 2020-02-27T10:50:19.613
# MJD = 58906.45
# EXPTIME = 300
3400.000 1.3026e-16
3401.525 1.2857e-16
3403.050 2.012e-16
3404.575 6.9242e-17
3406.100 1.2352e-16
3407.625 2.5541e-16
3409.150 1.3301e-16
3410.675 1.2114e-16
3412.200 9.6056e-17
3413.725 1.1532e-16
3415.250 1.0914e-16
3416.775 1.6467e-16
3418.300 1.795e-16
3419.825 3.5088e-17
3421.350 2.121e-16
3422.875 1.7787e-16
3424.400 1.5913e-16
3425.925 1.6116e-16
3427.450 2.0798e-16
3428.975 1.0812e-16
3430.500 3.5391e-17
3432.025 4.5472e-17
3433.550 6.216e-17
3435.075 1.7168e-16
3436.600 1.4546e-16
3438.125 1.4663e-16
3439.650 1.3787e-16
3441.175 7.0015e-17
3442.700 8.8782e-17
3444.225 1.3594e-16
3445.750 1.5237e-16
3447.275 1.8125e-16
3448.800 1.8408e-16
3450.325 1.5356e-16
3451.850 8.9164e-17
3453.375 7.6267e-17
3454.900 1.6927e-16
3456.425 1.558e-16
3457.950 1.9996e-16
3459.475 1.4229e-16
3461.000 1.6157e-16
3462.525 4.3852e-17
3464.050 4.1318e-17
3465.575 9.2769e-17
3467.100 3.5493e-17
3468.625 6.0636e-17
3470.150 6.7081e-17
3471.675 6.2318e-17
3473.200 1.5373e-16
3474.725 1.3434e-16
3476.250 2.1658e-16
3477.775 1.9331e-16
3479.300 1.0612e-16
3480.825 1.2184e-16
3482.350 1.256e-16
3483.875 1.7373e-16
3485.400 1.4922e-16
3486.925 9.0281e-17
3488.450 1.3678e-16
3489.975 1.6749e-16
3491.500 1.2183e-16
3493.025 1.3688e-16
3494.550 1.5213e-16
3496.075 6.9716e-17
3497.600 1.6271e-16
3499.125 2.5902e-16
3500.650 1.8984e-16
3502.175 1.4305e-16
3503.700 1.2822e-16
3505.225 1.3594e-16
3506.750 1.9714e-16
3508.275 1.5481e-16
3509.800 1.4445e-16
3511.325 1.8764e-16
3512.850 1.1777e-16
3514.375 9.734e-17
3515.900 1.6717e-16
3517.425 1.6736e-16
3518.950 1.3468e-16
3520.475 1.3242e-16
3522.000 1.3162e-16
3523.525 7.3399e-17
3525.050 7.6636e-17
3526.575 1.9332e-16
3528.100 2.1357e-16
3529.625 1.789e-16
3531.150 1.4288e-16
3532.675 1.6847e-16
3534.200 1.6762e-16
3535.725 1.9483e-16
3537.250 2.2264e-16
3538.775 2.1389e-16
3540.300 1.2791e-16
3541.825 1.2966e-16
3543.350 9.1212e-17
3544.875 1.3925e-16
3546.400 1.4116e-16
3547.925 1.7112e-16
3549.450 1.4084e-16
3550.975 1.5308e-16
3552.500 1.4954e-16
3554.025 1.8146e-16
3555.550 2.4154e-16
3557.075 2.2512e-16
3558.600 1.8841e-16
3560.125 1.5437e-16
3561.650 2.2068e-16
3563.175 2.6269e-16
3564.700 2.0407e-16
3566.225 2.3232e-16
3567.750 1.6943e-16
3569.275 1.9251e-16
3570.800 1.7753e-16
3572.325 2.2508e-16
3573.850 2.35e-16
3575.375 2.2213e-16
3576.900 2.3247e-16
3578.425 1.8625e-16
3579.950 2.1289e-16
3581.475 1.6538e-16
3583.000 1.5981e-16
3584.525 1.8975e-16
3586.050 2.118e-16
3587.575 2.8698e-16
3589.100 2.4644e-16
3590.625 1.5868e-16
3592.150 1.2019e-16
3593.675 1.8236e-16
3595.200 2.111e-16
3596.725 1.821e-16
3598.250 1.4214e-16
3599.775 1.652e-16
3601.300 2.2205e-16
3602.825 1.8162e-16
3604.350 1.8034e-16
3605.875 1.8731e-16
3607.400 1.5746e-16
3608.925 1.5669e-16
3610.450 1.4062e-16
3611.975 1.5872e-16
3613.500 1.2332e-16
3615.025 1.6748e-16
3616.550 1.6604e-16
3618.075 1.2858e-16
3619.600 1.0673e-16
3621.125 1.3808e-16
3622.650 1.4328e-16
3624.175 1.808e-16
3625.700 1.8261e-16
3627.225 1.5231e-16
3628.750 1.2757e-16
3630.275 1.7248e-16
3631.800 1.3869e-16
3633.325 8.9799e-17
3634.850 1.2439e-16
3636.375 1.4172e-16
3637.900 1.3641e-16
3639.425 1.8272e-16
3640.950 2.0463e-16
3642.475 1.2839e-16
3644.000 1.422e-16
3645.525 1.7182e-16
3647.050 1.7334e-16
3648.575 1.8878e-16
3650.100 1.8206e-16
3651.625 1.7292e-16
3653.150 1.6058e-16
3654.675 1.626e-16
3656.200 2.1305e-16
3657.725 2.3639e-16
3659.250 2.2146e-16
3660.775 2.2001e-16
3662.300 1.7359e-16
3663.825 1.5085e-16
3665.350 1.6223e-16
3666.875 1.4575e-16
3668.400 1.2836e-16
3669.925 1.4758e-16
3671.450 1.8006e-16
3672.975 2.007e-16
3674.500 1.9008e-16
3676.025 2.0487e-16
3677.550 1.98e-16
3679.075 1.2814e-16
3680.600 1.5939e-16
3682.125 2.2492e-16
3683.650 2.5236e-16
3685.175 2.6697e-16
3686.700 2.7807e-16
3688.225 2.6185e-16
3689.750 2.274e-16
3691.275 2.419e-16
3692.800 2.6391e-16
3694.325 2.3589e-16
3695.850 1.6848e-16
3697.375 2.0517e-16
3698.900 2.8233e-16
3700.425 2.5508e-16
3701.950 2.5227e-16
3703.475 2.5635e-16
3705.000 2.8844e-16
3706.525 3.2348e-16
3708.050 2.7895e-16
3709.575 2.4674e-16
3711.100 3.225e-16
3712.625 3.5735e-16
3714.150 3.9764e-16
3715.675 3.7833e-16
3717.200 4.1722e-16
3718.725 3.6665e-16
3720.250 3.1452e-16
3721.775 2.8643e-16
3723.300 3.7572e-16
3724.825 3.256e-16
3726.350 3.0838e-16
3727.875 3.5361e-16
3729.400 3.3698e-16
3730.925 3.4656e-16
3732.450 3.1843e-16
3733.975 3.1857e-16
3735.500 2.8544e-16
3737.025 3.1556e-16
3738.550 2.6075e-16
3740.075 2.6338e-16
3741.600 2.7499e-16
3743.125 2.7531e-16
3744.650 2.5685e-16
3746.175 2.3183e-16
3747.700 2.2919e-16
3749.225 2.4146e-16
3750.750 3.0813e-16
3752.275 3.4325e-16
3753.800 3.2147e-16
3755.325 3.1465e-16
3756.850 3.5455e-16
3758.375 2.8656e-16
3759.900 2.1387e-16
3761.425 2.0337e-16
3762.950 2.2039e-16
3764.475 2.1068e-16
3766.000 1.9226e-16
3767.525 1.9282e-16
3769.050 2.2562e-16
3770.575 2.7018e-16
3772.100 2.2815e-16
3773.625 2.2298e-16
3775.150 1.9461e-16
3776.675 1.333e-16
3778.200 1.3614e-16
3779.725 1.8106e-16
3781.250 1.8914e-16
3782.775 1.5285e-16
3784.300 1.4419e-16
3785.825 1.2051e-16
3787.350 1.6858e-16
3788.875 1.6488e-16
3790.400 1.0675e-16
3791.925 1.4769e-16
3793.450 1.6042e-16
3794.975 1.1902e-16
3796.500 1.6136e-16
3798.025 1.732e-16
3799.550 1.7608e-16
3801.075 1.4228e-16
3802.600 1.3466e-16
3804.125 1.5387e-16
3805.650 2.0154e-16
3807.175 1.7825e-16
3808.700 1.5283e-16
3810.225 1.6687e-16
3811.750 1.6843e-16
3813.275 1.3442e-16
3814.800 1.5691e-16
3816.325 1.8307e-16
3817.850 1.7373e-16
3819.375 1.6051e-16
3820.900 1.1346e-16
3822.425 1.3944e-16
3823.950 2.0059e-16
3825.475 1.7316e-16
3827.000 1.672e-16
3828.525 1.6388e-16
3830.050 1.8393e-16
3831.575 1.471e-16
3833.100 1.6784e-16
3834.625 1.4292e-16
3836.150 1.4698e-16
3837.675 1.4078e-16
3839.200 1.9568e-16
3840.725 2.1771e-16
3842.250 2.0725e-16
3843.775 1.4915e-16
3845.300 1.8152e-16
3846.825 2.1246e-16
3848.350 1.9664e-16
3849.875 1.8466e-16
3851.400 1.9861e-16
3852.925 2.134e-16
3854.450 2.1896e-16
3855.975 2.1985e-16
3857.500 2.3944e-16
3859.025 2.4409e-16
3860.550 1.9117e-16
3862.075 2.2682e-16
3863.600 2.6619e-16
3865.125 2.677e-16
3866.650 2.7483e-16
3868.175 2.8912e-16
3869.700 3.1725e-16
3871.225 3.4289e-16
3872.750 3.1091e-16
3874.275 3.2791e-16
3875.800 3.4378e-16
3877.325 3.3382e-16
3878.850 3.8634e-16
3880.375 3.7225e-16
3881.900 4.0313e-16
3883.425 4.2651e-16
3884.950 3.9289e-16
3886.475 4.0825e-16
3888.000 4.0683e-16
3889.525 3.7252e-16
3891.050 3.8196e-16
3892.575 4.7963e-16
3894.100 4.471e-16
3895.625 4.5142e-16
3897.150 4.8462e-16
3898.675 4.9152e-16
3900.200 5.094e-16
3901.725 4.8285e-16
3903.250 5.636e-16
3904.775 5.1773e-16
3906.300 5.4031e-16
3907.825 5.4449e-16
3909.350 5.2919e-16
3910.875 5.5599e-16
3912.400 5.6282e-16
3913.925 5.4943e-16
3915.450 5.7586e-16
3916.975 5.7224e-16
3918.500 5.2357e-16
3920.025 5.3222e-16
3921.550 5.7461e-16
3923.075 5.9201e-16
3924.600 6.1195e-16
3926.125 5.6113e-16
3927.650 5.5025e-16
3929.175 5.7665e-16
3930.700 6.1198e-16
3932.225 5.7206e-16
3933.750 5.8137e-16
3935.275 5.6399e-16
3936.800 5.8282e-16
3938.325 6.1985e-16
3939.850 6.5819e-16
3941.375 6.6981e-16
3942.900 6.5449e-16
3944.425 6.4897e-16
3945.950 6.0235e-16
3947.475 6.2128e-16
3949.000 5.7306e-16
3950.525 5.6231e-16
3952.050 6.5001e-16
3953.575 6.4266e-16
3955.100 6.3226e-16
3956.625 6.4328e-16
3958.150 6.7855e-16
3959.675 6.4345e-16
3961.200 6.4145e-16
3962.725 6.3484e-16
3964.250 6.121e-16
3965.775 6.2738e-16
3967.300 5.8866e-16
3968.825 5.8443e-16
3970.350 6.3029e-16
3971.875 6.4692e-16
3973.400 6.9026e-16
3974.925 7.1288e-16
3976.450 7.0354e-16
3977.975 6.3797e-16
3979.500 6.9426e-16
3981.025 6.8578e-16
3982.550 6.8895e-16
3984.075 6.8593e-16
3985.600 6.9725e-16
3987.125 7.1194e-16
3988.650 7.5102e-16
3990.175 6.5672e-16
3991.700 6.5544e-16
3993.225 6.8443e-16
3994.750 7.1492e-16
3996.275 7.0723e-16
3997.800 6.863e-16
3999.325 7.2858e-16
4000.850 6.668e-16
4002.375 6.2841e-16
4003.900 6.3845e-16
4005.425 6.5592e-16
4006.950 6.4726e-16
4008.475 7.1505e-16
4010.000 6.9113e-16
4011.525 6.3454e-16
4013.050 6.285e-16
4014.575 6.2897e-16
4016.100 6.5723e-16
4017.625 6.9149e-16
4019.150 6.668e-16
4020.675 6.7846e-16
4022.200 6.3635e-16
4023.725 6.2344e-16
4025.250 6.5198e-16
4026.775 6.1589e-16
4028.300 6.6815e-16
4029.825 5.9287e-16
4031.350 5.7993e-16
4032.875 5.9384e-16
4034.400 5.801e-16
4035.925 5.7511e-16
4037.450 5.7464e-16
4038.975 5.5717e-16
4040.500 5.5982e-16
4042.025 5.9756e-16
4043.550 5.5765e-16
4045.075 5.6252e-16
4046.600 5.2821e-16
4048.125 5.2173e-16
4049.650 5.1959e-16
4051.175 5.4014e-16
4052.700 5.0436e-16
4054.225 5.0686e-16
4055.750 5.1679e-16
4057.275 5.4825e-16
4058.800 5.392e-16
4060.325 4.7599e-16
4061.850 4.602e-16
4063.375 4.6433e-16
4064.900 5.161e-16
4066.425 5.1814e-16
4067.950 4.7068e-16
4069.475 4.6752e-16
4071.000 4.9342e-16
4072.525 5.0751e-16
4074.050 4.627e-16
4075.575 4.8241e-16
4077.100 4.6853e-16
4078.625 4.2068e-16
4080.150 4.2759e-16
4081.675 4.6322e-16
4083.200 4.6901e-16
4084.725 4.2885e-16
4086.250 4.5134e-16
4087.775 4.2814e-16
4089.300 4.4365e-16
4090.825 4.4639e-16
4092.350 4.0816e-16
4093.875 4.1113e-16
4095.400 4.6111e-16
4096.925 4.6198e-16
4098.450 4.775e-16
4099.975 4.3903e-16
4101.500 4.0731e-16
4103.025 4.1245e-16
4104.550 4.5062e-16
4106.075 4.516e-16
4107.600 4.4288e-16
4109.125 4.3873e-16
4110.650 4.3587e-16
4112.175 4.5991e-16
4113.700 4.3713e-16
4115.225 4.1914e-16
4116.750 4.4609e-16
4118.275 4.3505e-16
4119.800 4.185e-16
4121.325 3.8865e-16
4122.850 4.1953e-16
4124.375 4.0535e-16
4125.900 4.0741e-16
4127.425 3.7509e-16
4128.950 3.4403e-16
4130.475 3.8165e-16
4132.000 3.8965e-16
4133.525 4.0947e-16
4135.050 3.4376e-16
4136.575 3.5472e-16
4138.100 3.6318e-16
4139.625 3.3737e-16
4141.150 3.7683e-16
4142.675 4.0294e-16
4144.200 4.0835e-16
4145.725 3.6184e-16
4147.250 3.99e-16
4148.775 4.0952e-16
4150.300 3.9254e-16
4151.825 4.2683e-16
4153.350 4.437e-16
4154.875 4.0895e-16
4156.400 3.387e-16
4157.925 3.9892e-16
4159.450 3.9119e-16
4160.975 3.5523e-16
4162.500 3.7148e-16
4164.025 3.6976e-16
4165.550 3.9781e-16
4167.075 4.1437e-16
4168.600 3.642e-16
4170.125 3.484e-16
4171.650 3.6148e-16
4173.175 3.6151e-16
4174.700 3.6793e-16
4176.225 3.7029e-16
4177.750 3.4768e-16
4179.275 3.3967e-16
4180.800 3.4902e-16
4182.325 3.7098e-16
4183.850 3.74e-16
4185.375 3.5755e-16
4186.900 3.478e-16
4188.425 3.446e-16
4189.950 3.7775e-16
4191.475 3.5232e-16
4193.000 3.8244e-16
4194.525 3.8577e-16
4196.050 3.509e-16
4197.575 2.703e-16
4199.100 3.418e-16
4200.625 3.5515e-16
4202.150 3.2809e-16
4203.675 3.3153e-16
4205.200 3.835e-16
4206.725 3.6742e-16
4208.250 3.5788e-16
4209.775 3.6342e-16
4211.300 3.3525e-16
4212.825 3.5777e-16
4214.350 3.528e-16
4215.875 3.825e-16
4217.400 3.4885e-16
4218.925 3.5343e-16
4220.450 3.6253e-16
4221.975 3.8329e-16
4223.500 4.0072e-16
4225.025 4.1402e-16
4226.550 4.2443e-16
4228.075 4.2977e-16
4229.600 4.0944e-16
4231.125 3.8639e-16
4232.650 3.8806e-16
4234.175 4.3961e-16
4235.700 4.257e-16
4237.225 4.2492e-16
4238.750 4.2681e-16
4240.275 4.1494e-16
4241.800 4.1964e-16
4243.325 4.305e-16
4244.850 4.3041e-16
4246.375 4.4633e-16
4247.900 4.6425e-16
4249.425 4.7326e-16
4250.950 4.2913e-16
4252.475 4.2082e-16
4254.000 4.3909e-16
4255.525 4.626e-16
4257.050 4.5174e-16
4258.575 4.399e-16
4260.100 4.6449e-16
4261.625 4.7708e-16
4263.150 4.8001e-16
4264.675 4.766e-16
4266.200 4.5346e-16
4267.725 4.4766e-16
4269.250 4.4701e-16
4270.775 4.7999e-16
4272.300 4.7031e-16
4273.825 4.4028e-16
4275.350 5.0553e-16
4276.875 4.7923e-16
4278.400 4.5284e-16
4279.925 4.4774e-16
4281.450 5.1235e-16
4282.975 5.4847e-16
4284.500 5.083e-16
4286.025 4.8784e-16
4287.550 4.7507e-16
4289.075 4.753e-16
4290.600 4.7951e-16
4292.125 4.5416e-16
4293.650 4.0167e-16
4295.175 4.2546e-16
4296.700 4.951e-16
4298.225 4.9136e-16
4299.750 4.5508e-16
4301.275 4.5211e-16
4302.800 4.7369e-16
4304.325 5.0229e-16
4305.850 4.6321e-16
4307.375 4.2078e-16
4308.900 4.6661e-16
4310.425 4.8177e-16
4311.950 4.1979e-16
4313.475 4.7456e-16
4315.000 5.0765e-16
4316.525 4.8042e-16
4318.050 5.0141e-16
4319.575 4.9404e-16
4321.100 5.191e-16
4322.625 5.0533e-16
4324.150 4.5657e-16
4325.675 4.8446e-16
4327.200 4.8608e-16
4328.725 4.7371e-16
4330.250 4.6436e-16
4331.775 4.8268e-16
4333.300 5.1822e-16
4334.825 5.3637e-16
4336.350 5.3426e-16
4337.875 5.1008e-16
4339.400 5.2853e-16
4340.925 5.2185e-16
4342.450 4.9894e-16
4343.975 4.9405e-16
4345.500 4.7197e-16
4347.025 4.59e-16
4348.550 4.8583e-16
4350.075 5.0008e-16
4351.600 4.9458e-16
4353.125 4.559e-16
4354.650 4.7438e-16
4356.175 4.8441e-16
4357.700 5.4449e-16
4359.225 5.0086e-16
4360.750 4.6467e-16
4362.275 4.6955e-16
4363.800 4.5564e-16
4365.325 4.9144e-16
4366.850 4.9011e-16
4368.375 4.1575e-16
4369.900 3.9979e-16
4371.425 4.5564e-16
4372.950 4.5334e-16
4374.475 4.5049e-16
4376.000 4.1814e-16
4377.525 4.3168e-16
4379.050 4.2703e-16
4380.575 4.0027e-16
4382.100 4.2267e-16
4383.625 4.1074e-16
4385.150 4.1022e-16
4386.675 4.2032e-16
4388.200 3.9304e-16
4389.725 3.6856e-16
4391.250 3.8682e-16
4392.775 3.6303e-16
4394.300 3.7174e-16
4395.825 3.3952e-16
4397.350 3.2933e-16
4398.875 3.2471e-16
4400.400 3.2452e-16
4401.925 3.3883e-16
4403.450 3.253e-16
4404.975 3.337e-16
4406.500 3.3873e-16
4408.025 3.4394e-16
4409.550 3.2794e-16
4411.075 3.0959e-16
4412.600 2.9191e-16
4414.125 3.0103e-16
4415.650 2.9298e-16
4417.175 2.5892e-16
4418.700 2.8811e-16
4420.225 2.4766e-16
4421.750 2.4633e-16
4423.275 2.8427e-16
4424.800 3.0283e-16
4426.325 2.8882e-16
4427.850 2.5397e-16
4429.375 2.7874e-16
4430.900 2.4589e-16
4432.425 2.3604e-16
4433.950 2.6584e-16
4435.475 2.7371e-16
4437.000 2.5572e-16
4438.525 2.5099e-16
4440.050 2.5329e-16
4441.575 2.727e-16
4443.100 2.4853e-16
4444.625 2.3994e-16
4446.150 2.5347e-16
4447.675 2.5263e-16
4449.200 2.1721e-16
4450.725 2.146e-16
4452.250 2.4222e-16
4453.775 2.6785e-16
4455.300 2.8129e-16
4456.825 2.6989e-16
4458.350 2.75e-16
4459.875 2.6846e-16
4461.400 2.8688e-16
4462.925 2.9746e-16
4464.450 2.4699e-16
4465.975 2.5097e-16
4467.500 3.0195e-16
4469.025 2.9432e-16
4470.550 2.719e-16
4472.075 2.7569e-16
4473.600 2.5886e-16
4475.125 2.6634e-16
4476.650 3.1543e-16
4478.175 3.1657e-16
4479.700 2.887e-16
4481.225 2.7747e-16
4482.750 3.1029e-16
4484.275 2.9541e-16
4485.800 2.774e-16
4487.325 2.7144e-16
4488.850 2.8433e-16
4490.375 3.2357e-16
4491.900 3.2256e-16
4493.425 3.2639e-16
4494.950 3.0887e-16
4496.475 3.3367e-16
4498.000 3.701e-16
4499.525 3.4383e-16
4501.050 3.6528e-16
4502.575 3.7236e-16
4504.100 3.4239e-16
4505.625 3.5795e-16
4507.150 4.0104e-16
4508.675 4.0206e-16
4510.200 3.3162e-16
4511.725 3.6579e-16
4513.250 3.4549e-16
4514.775 4.0719e-16
4516.300 3.777e-16
4517.825 3.483e-16
4519.350 3.8953e-16
4520.875 3.6061e-16
4522.400 3.9101e-16
4523.925 3.7929e-16
4525.450 3.6407e-16
4526.975 3.7369e-16
4528.500 4.0982e-16
4530.025 4.4394e-16
4531.550 4.7169e-16
4533.075 4.2105e-16
4534.600 3.8167e-16
4536.125 4.1355e-16
4537.650 4.7799e-16
4539.175 4.6924e-16
4540.700 4.3232e-16
4542.225 4.848e-16
4543.750 4.9422e-16
4545.275 4.8711e-16
4546.800 4.8694e-16
4548.325 5.4338e-16
4549.850 5.2489e-16
4551.375 5.1889e-16
4552.900 5.1995e-16
4554.425 5.1815e-16
4555.950 5.2616e-16
4557.475 5.4248e-16
4559.000 5.8884e-16
4560.525 5.33e-16
4562.050 5.3076e-16
4563.575 5.148e-16
4565.100 5.7054e-16
4566.625 5.8336e-16
4568.150 5.7434e-16
4569.675 5.9366e-16
4571.200 6.4836e-16
4572.725 6.0907e-16
4574.250 6.1591e-16
4575.775 6.3924e-16
4577.300 6.5249e-16
4578.825 6.645e-16
4580.350 6.8431e-16
4581.875 7.1066e-16
4583.400 7.7732e-16
4584.925 7.7624e-16
4586.450 7.8377e-16
4587.975 8.0441e-16
4589.500 8.0855e-16
4591.025 8.1842e-16
4592.550 8.1364e-16
4594.075 7.8172e-16
4595.600 8.3906e-16
4597.125 8.3688e-16
4598.650 8.6436e-16
4600.175 8.9481e-16
4601.700 8.8115e-16
4603.225 8.9787e-16
4604.750 9.2472e-16
4606.275 9.5291e-16
4607.800 9.7343e-16
4609.325 9.1737e-16
4610.850 9.7877e-16
4612.375 9.9406e-16
4613.900 1.009e-15
4615.425 9.9393e-16
4616.950 1.0137e-15
4618.475 1.0153e-15
4620.000 1.0123e-15
4621.525 9.7875e-16
4623.050 1.0133e-15
4624.575 1.0045e-15
4626.100 1.0379e-15
4627.625 1.0487e-15
4629.150 1.066e-15
4630.675 1.0216e-15
4632.200 9.7662e-16
4633.725 1.0001e-15
4635.250 9.7802e-16
4636.775 1.0063e-15
4638.300 9.7655e-16
4639.825 9.7794e-16
4641.350 1.0006e-15
4642.875 9.3317e-16
4644.400 9.9706e-16
4645.925 1.0148e-15
4647.450 9.8772e-16
4648.975 9.6152e-16
4650.500 9.9903e-16
4652.025 9.8543e-16
4653.550 9.7917e-16
4655.075 9.5582e-16
4656.600 9.8499e-16
4658.125 9.9484e-16
4659.650 9.5957e-16
4661.175 9.4081e-16
4662.700 9.217e-16
4664.225 9.1598e-16
4665.750 9.5792e-16
4667.275 9.3131e-16
4668.800 9.0788e-16
4670.325 9.3031e-16
4671.850 8.8533e-16
4673.375 8.8157e-16
4674.900 8.7574e-16
4676.425 8.5176e-16
4677.950 8.8188e-16
4679.475 8.9216e-16
4681.000 8.8337e-16
4682.525 8.3053e-16
4684.050 8.4298e-16
4685.575 8.0352e-16
4687.100 8.2019e-16
4688.625 8.1068e-16
4690.150 7.9168e-16
4691.675 7.4889e-16
4693.200 8.2891e-16
4694.725 7.8534e-16
4696.250 7.0075e-16
4697.775 6.968e-16
4699.300 7.1579e-16
4700.825 7.3627e-16
4702.350 6.6847e-16
4703.875 6.2647e-16
4705.400 6.7535e-16
4706.925 6.3736e-16
4708.450 5.6275e-16
4709.975 5.4194e-16
4711.500 5.4391e-16
4713.025 5.6111e-16
4714.550 5.1287e-16
4716.075 4.9655e-16
4717.600 4.9322e-16
4719.125 5.3987e-16
4720.650 5.114e-16
4722.175 4.7538e-16
4723.700 4.7723e-16
4725.225 4.4922e-16
4726.750 4.4242e-16
4728.275 4.7056e-16
4729.800 4.1139e-16
4731.325 4.189e-16
4732.850 4.2064e-16
4734.375 4.3787e-16
4735.900 4.3507e-16
4737.425 3.8995e-16
4738.950 3.6406e-16
4740.475 3.8636e-16
4742.000 3.8932e-16
4743.525 3.6729e-16
4745.050 3.5821e-16
4746.575 3.6828e-16
4748.100 3.7909e-16
4749.625 3.6743e-16
4751.150 3.7028e-16
4752.675 3.4767e-16
4754.200 3.5288e-16
4755.725 3.5871e-16
4757.250 3.3512e-16
4758.775 3.5713e-16
4760.300 3.6388e-16
4761.825 3.6154e-16
4763.350 3.3785e-16
4764.875 3.3674e-16
4766.400 3.0548e-16
4767.925 3.2542e-16
4769.450 3.3193e-16
4770.975 3.0512e-16
4772.500 3.1049e-16
4774.025 3.1079e-16
4775.550 3.5907e-16
4777.075 3.6549e-16
4778.600 3.2742e-16
4780.125 3.3286e-16
4781.650 2.986e-16
4783.175 3.0731e-16
4784.700 3.0659e-16
4786.225 3.6265e-16
4787.750 3.8452e-16
4789.275 3.4783e-16
4790.800 3.4781e-16
4792.325 3.6773e-16
4793.850 3.3678e-16
4795.375 3.5323e-16
4796.900 3.5346e-16
4798.425 3.4868e-16
4799.950 3.3944e-16
4801.475 3.3341e-16
4803.000 3.4074e-16
4804.525 3.3831e-16
4806.050 3.4801e-16
4807.575 3.5392e-16
4809.100 3.518e-16
4810.625 3.3113e-16
4812.150 3.4276e-16
4813.675 3.5973e-16
4815.200 3.7108e-16
4816.725 3.4444e-16
4818.250 3.6836e-16
4819.775 3.6814e-16
4821.300 3.5827e-16
4822.825 3.5597e-16
4824.350 3.862e-16
4825.875 3.5297e-16
4827.400 3.6032e-16
4828.925 4.0443e-16
4830.450 3.913e-16
4831.975 3.6752e-16
4833.500 3.9569e-16
4835.025 3.8817e-16
4836.550 4.2313e-16
4838.075 4.2933e-16
4839.600 4.3909e-16
4841.125 4.0104e-16
4842.650 4.1983e-16
4844.175 4.3199e-16
4845.700 4.1397e-16
4847.225 4.2798e-16
4848.750 4.3275e-16
4850.275 4.0896e-16
4851.800 4.0195e-16
4853.325 4.1214e-16
4854.850 4.4361e-16
4856.375 4.587e-16
4857.900 4.4454e-16
4859.425 4.365e-16
4860.950 4.3271e-16
4862.475 4.6461e-16
4864.000 4.39e-16
4865.525 4.5218e-16
4867.050 4.4878e-16
4868.575 4.066e-16
4870.100 4.0077e-16
4871.625 4.0927e-16
4873.150 3.5743e-16
4874.675 3.7986e-16
4876.200 4.1422e-16
4877.725 3.954e-16
4879.250 4.0941e-16
4880.775 4.2387e-16
4882.300 4.0539e-16
4883.825 4.1176e-16
4885.350 3.9601e-16
4886.875 3.8732e-16
4888.400 4.161e-16
4889.925 3.6852e-16
4891.450 3.7075e-16
4892.975 3.8041e-16
4894.500 3.6877e-16
4896.025 3.5618e-16
4897.550 3.8183e-16
4899.075 4.1559e-16
4900.600 4.029e-16
4902.125 4.0872e-16
4903.650 4.1949e-16
4905.175 4.1716e-16
4906.700 4.1488e-16
4908.225 4.1947e-16
4909.750 3.8783e-16
4911.275 3.8558e-16
4912.800 4.4191e-16
4914.325 4.4567e-16
4915.850 4.5466e-16
4917.375 4.9736e-16
4918.900 4.9765e-16
4920.425 5.6192e-16
4921.950 5.5199e-16
4923.475 5.0414e-16
4925.000 5.0827e-16
4926.525 5.3987e-16
4928.050 5.5776e-16
4929.575 5.8292e-16
4931.100 5.777e-16
4932.625 6.0789e-16
4934.150 6.2078e-16
4935.675 6.3567e-16
4937.200 6.506e-16
4938.725 6.409e-16
4940.250 6.7675e-16
4941.775 7.0099e-16
4943.300 7.3101e-16
4944.825 7.6028e-16
4946.350 7.2812e-16
4947.875 7.2154e-16
4949.400 7.6066e-16
4950.925 7.8349e-16
4952.450 7.9721e-16
4953.975 7.7987e-16
4955.500 8.1129e-16
4957.025 8.5619e-16
4958.550 8.4634e-16
4960.075 8.2724e-16
4961.600 8.2341e-16
4963.125 8.8004e-16
4964.650 8.7701e-16
4966.175 8.1948e-16
4967.700 8.5669e-16
4969.225 8.9068e-16
4970.750 8.6435e-16
4972.275 8.8725e-16
4973.800 8.9551e-16
4975.325 9.0475e-16
4976.850 9.3959e-16
4978.375 9.0923e-16
4979.900 8.8931e-16
4981.425 8.7292e-16
4982.950 7.9463e-16
4984.475 8.0309e-16
4986.000 8.0599e-16
4987.525 8.4322e-16
4989.050 8.2753e-16
4990.575 7.7148e-16
4992.100 7.4074e-16
4993.625 7.5678e-16
4995.150 6.9397e-16
4996.675 6.7491e-16
4998.200 7.2087e-16
4999.725 7.1816e-16
5001.250 7.1158e-16
5002.775 6.7904e-16
5004.300 6.1668e-16
5005.825 6.2228e-16
5007.350 6.2881e-16
5008.875 5.7424e-16
5010.400 5.78e-16
5011.925 5.5099e-16
5013.450 5.6932e-16
5014.975 5.4521e-16
5016.500 5.4266e-16
5018.025 5.0995e-16
5019.550 5.3093e-16
5021.075 5.1394e-16
5022.600 4.5463e-16
5024.125 4.2961e-16
5025.650 4.4023e-16
5027.175 4.4819e-16
5028.700 4.6869e-16
5030.225 4.8203e-16
5031.750 4.3618e-16
5033.275 3.9886e-16
5034.800 4.0856e-16
5036.325 4.5105e-16
5037.850 4.1654e-16
5039.375 4.3347e-16
5040.900 4.0252e-16
5042.425 4.0546e-16
5043.950 4.3952e-16
5045.475 4.2303e-16
5047.000 4.0094e-16
5048.525 4.3943e-16
5050.050 4.4769e-16
5051.575 4.2888e-16
5053.100 4.1042e-16
5054.625 3.9543e-16
5056.150 3.9289e-16
5057.675 3.5769e-16
5059.200 3.4748e-16
5060.725 3.8688e-16
5062.250 4.0705e-16
5063.775 4.2444e-16
5065.300 4.3485e-16
5066.825 4.0481e-16
5068.350 4.2465e-16
5069.875 3.8814e-16
5071.400 3.8739e-16
5072.925 3.9509e-16
5074.450 4.0541e-16
5075.975 4.162e-16
5077.500 3.8042e-16
5079.025 3.7911e-16
5080.550 4.4166e-16
5082.075 4.4037e-16
5083.600 4.1746e-16
5085.125 4.2984e-16
5086.650 4.2843e-16
5088.175 4.6049e-16
5089.700 4.668e-16
5091.225 5.0399e-16
5092.750 4.2518e-16
5094.275 4.345e-16
5095.800 4.6907e-16
5097.325 5.086e-16
5098.850 4.9659e-16
5100.375 5.0838e-16
5101.900 4.9044e-16
5103.425 4.583e-16
5104.950 4.5266e-16
5106.475 4.605e-16
5108.000 4.613e-16
5109.525 4.4919e-16
5111.050 4.3447e-16
5112.575 4.3142e-16
5114.100 4.3448e-16
5115.625 4.2308e-16
5117.150 4.3866e-16
5118.675 4.1942e-16
5120.200 3.9696e-16
5121.725 4.2401e-16
5123.250 4.3425e-16
5124.775 4.4578e-16
5126.300 4.1839e-16
5127.825 4.2306e-16
5129.350 4.4526e-16
5130.875 4.284e-16
5132.400 3.924e-16
5133.925 4.2308e-16
5135.450 4.1825e-16
5136.975 3.9505e-16
5138.500 4.5484e-16
5140.025 4.17e-16
5141.550 4.3532e-16
5143.075 4.3521e-16
5144.600 4.327e-16
5146.125 4.5599e-16
5147.650 4.3527e-16
5149.175 3.9789e-16
5150.700 4.1262e-16
5152.225 4.12e-16
5153.750 4.1793e-16
5155.275 4.1778e-16
5156.800 3.9412e-16
5158.325 4.213e-16
5159.850 4.2319e-16
5161.375 4.0265e-16
5162.900 4.1222e-16
5164.425 4.3559e-16
5165.950 4.3393e-16
5167.475 4.1277e-16
5169.000 3.9547e-16
5170.525 4.2715e-16
5172.050 4.6546e-16
5173.575 4.8386e-16
5175.100 4.2968e-16
5176.625 4.0291e-16
5178.150 4.2689e-16
5179.675 4.2061e-16
5181.200 4.2061e-16
5182.725 4.2698e-16
5184.250 4.2993e-16
5185.775 3.5892e-16
5187.300 3.8855e-16
5188.825 4.2963e-16
5190.350 4.2319e-16
5191.875 4.3232e-16
5193.400 4.0362e-16
5194.925 4.0583e-16
5196.450 3.9532e-16
5197.975 4.3584e-16
5199.500 4.0504e-16
5201.025 4.0727e-16
5202.550 4.4583e-16
5204.075 4.2892e-16
5205.600 4.1346e-16
5207.125 4.2731e-16
5208.650 4.2984e-16
5210.175 4.3093e-16
5211.700 4.513e-16
5213.225 4.4534e-16
5214.750 4.6319e-16
5216.275 4.5605e-16
5217.800 4.6806e-16
5219.325 4.7409e-16
5220.850 4.9183e-16
5222.375 4.2568e-16
5223.900 4.6191e-16
5225.425 4.8594e-16
5226.950 4.8797e-16
5228.475 5.1881e-16
5230.000 5.6815e-16
5231.525 5.1534e-16
5233.050 4.7062e-16
5234.575 4.9987e-16
5236.100 5.4823e-16
5237.625 5.8063e-16
5239.150 5.2784e-16
5240.675 5.6732e-16
5242.200 5.8056e-16
5243.725 5.7093e-16
5245.250 5.9457e-16
5246.775 5.955e-16
5248.300 5.7364e-16
5249.825 6.0237e-16
5251.350 6.1091e-16
5252.875 6.0549e-16
5254.400 6.1131e-16
5255.925 6.1345e-16
5257.450 5.9276e-16
5258.975 5.8885e-16
5260.500 6.1958e-16
5262.025 6.6089e-16
5263.550 6.8392e-16
5265.075 6.6665e-16
5266.600 6.6552e-16
5268.125 6.6397e-16
5269.650 7.2751e-16
5271.175 7.019e-16
5272.700 7.5501e-16
5274.225 7.3404e-16
5275.750 7.2093e-16
5277.275 7.1091e-16
5278.800 7.7531e-16
5280.325 8.0031e-16
5281.850 7.6228e-16
5283.375 6.7345e-16
5284.900 7.5259e-16
5286.425 7.657e-16
5287.950 7.3175e-16
5289.475 7.1933e-16
5291.000 7.5978e-16
5292.525 7.6812e-16
5294.050 8.0048e-16
5295.575 8.3466e-16
5297.100 7.9266e-16
5298.625 7.9588e-16
5300.150 7.9306e-16
5301.675 7.6919e-16
5303.200 7.8037e-16
5304.725 7.4301e-16
5306.250 7.9955e-16
5307.775 8.4514e-16
5309.300 8.0333e-16
5310.825 7.8046e-16
5312.350 7.8075e-16
5313.875 7.8437e-16
5315.400 7.9909e-16
5316.925 8.0873e-16
5318.450 7.9152e-16
5319.975 8.3141e-16
5321.500 8.0619e-16
5323.025 8.0233e-16
5324.550 8.0548e-16
5326.075 7.9143e-16
5327.600 8.0096e-16
5329.125 8.4591e-16
5330.650 7.8113e-16
5332.175 8.4369e-16
5333.700 8.7312e-16
5335.225 8.2845e-16
5336.750 7.9726e-16
5338.275 8.7074e-16
5339.800 8.3408e-16
5341.325 7.5666e-16
5342.850 7.8461e-16
5344.375 8.3964e-16
5345.900 8.3214e-16
5347.425 8.0331e-16
5348.950 8.2721e-16
5350.475 8.1318e-16
5352.000 8.6582e-16
5353.525 8.0114e-16
5355.050 7.7251e-16
5356.575 7.8583e-16
5358.100 8.2011e-16
5359.625 8.2186e-16
5361.150 8.0071e-16
5362.675 7.7836e-16
5364.200 7.7212e-16
5365.725 7.5443e-16
5367.250 7.4656e-16
5368.775 7.5476e-16
5370.300 7.7525e-16
5371.825 8.1952e-16
5373.350 7.7508e-16
5374.875 7.4976e-16
5376.400 7.5232e-16
5377.925 7.3231e-16
5379.450 7.7485e-16
5380.975 7.1862e-16
5382.500 6.7963e-16
5384.025 6.7186e-16
5385.550 6.7941e-16
5387.075 6.9852e-16
5388.600 7.1318e-16
5390.125 7.148e-16
5391.650 7.1e-16
5393.175 6.7068e-16
5394.700 7.3363e-16
5396.225 7.3657e-16
5397.750 7.1026e-16
5399.275 7.3603e-16
5400.800 7.0829e-16
5402.325 6.8547e-16
5403.850 7.0945e-16
5405.375 6.9207e-16
5406.900 7.0642e-16
5408.425 7.1129e-16
5409.950 6.9433e-16
5411.475 7.0797e-16
5413.000 7.0694e-16
5414.525 7.3527e-16
5416.050 7.2238e-16
5417.575 7.2623e-16
5419.100 7.157e-16
5420.625 6.8238e-16
5422.150 7.0285e-16
5423.675 7.4204e-16
5425.200 7.7502e-16
5426.725 8.0446e-16
5428.250 8.2113e-16
5429.775 7.7227e-16
5431.300 7.9478e-16
5432.825 8.0264e-16
5434.350 7.9239e-16
5435.875 8.6508e-16
5437.400 9.0329e-16
5438.925 8.3089e-16
5440.450 8.323e-16
5441.975 8.8297e-16
5443.500 7.9468e-16
5445.025 7.514e-16
5446.550 8.551e-16
5448.075 8.9691e-16
5449.600 9.8644e-16
5451.125 9.628e-16
5452.650 9.2825e-16
5454.175 9.5749e-16
5455.700 9.3313e-16
5457.225 9.5988e-16
5458.750 1.0137e-15
5460.275 1.0115e-15
5461.800 9.9273e-16
5463.325 9.663e-16
5464.850 9.6829e-16
5466.375 9.8253e-16
5467.900 1.0474e-15
5469.425 1.0564e-15
5470.950 1.091e-15
5472.475 1.102e-15
5474.000 1.0374e-15
5475.525 1.1183e-15
5477.050 1.1847e-15
5478.575 1.1067e-15
5480.100 1.0901e-15
5481.625 1.0765e-15
5483.150 1.1484e-15
5484.675 1.2406e-15
5486.200 1.1963e-15
5487.725 1.3022e-15
5489.250 1.2718e-15
5490.775 1.1916e-15
5492.300 1.2724e-15
5493.825 1.2569e-15
5495.350 1.2018e-15
5496.875 1.2508e-15
5498.400 1.239e-15
5499.925 1.1417e-15
5501.450 1.1895e-15
5502.975 1.2132e-15
5504.500 1.194e-15
5506.025 1.218e-15
5507.550 1.2233e-15
5509.075 1.2401e-15
5510.600 1.2686e-15
5512.125 1.2368e-15
5513.650 1.2593e-15
5515.175 1.3449e-15
5516.700 1.3014e-15
5518.225 1.2535e-15
5519.750 1.3241e-15
5521.275 1.3501e-15
5522.800 1.3373e-15
5524.325 1.3394e-15
5525.850 1.373e-15
5527.375 1.343e-15
5528.900 1.3191e-15
5530.425 1.3973e-15
5531.950 1.4078e-15
5533.475 1.4226e-15
5535.000 1.4188e-15
5536.525 1.4188e-15
5538.050 1.4025e-15
5539.575 1.4326e-15
5541.100 1.4125e-15
5542.625 1.3847e-15
5544.150 1.3742e-15
5545.675 1.4551e-15
5547.200 1.453e-15
5548.725 1.4068e-15
5550.250 1.4481e-15
5551.775 1.448e-15
5553.300 1.4735e-15
5554.825 1.4923e-15
5556.350 1.4962e-15
5557.875 1.4316e-15
5559.400 1.4298e-15
5560.925 1.5125e-15
5562.450 1.4818e-15
5563.975 1.4639e-15
5565.500 1.467e-15
5567.025 1.4706e-15
5568.550 1.4271e-15
5570.075 1.4914e-15
5571.600 1.536e-15
5573.125 1.4843e-15
5574.650 1.4917e-15
5576.175 1.4813e-15
5577.700 1.5055e-15
5579.225 1.5449e-15
5580.750 1.4923e-15
5582.275 1.5079e-15
5583.800 1.5079e-15
5585.325 1.5037e-15
5586.850 1.5294e-15
5588.375 1.5055e-15
5589.900 1.506e-15
5591.425 1.5083e-15
5592.950 1.5142e-15
5594.475 1.5314e-15
5596.000 1.5439e-15
5597.525 1.5484e-15
5599.050 1.5021e-15
5600.575 1.4727e-15
5602.100 1.5023e-15
5603.625 1.4996e-15
5605.150 1.5272e-15
5606.675 1.5283e-15
5608.200 1.5185e-15
5609.725 1.5109e-15
5611.250 1.4825e-15
5612.775 1.4983e-15
5614.300 1.5138e-15
5615.825 1.4881e-15
5617.350 1.4518e-15
5618.875 1.4774e-15
5620.400 1.493e-15
5621.925 1.509e-15
5623.450 1.472e-15
5624.975 1.4339e-15
5626.500 1.4312e-15
5628.025 1.4813e-15
5629.550 1.4875e-15
5631.075 1.4551e-15
5632.600 1.4121e-15
5634.125 1.4291e-15
5635.650 1.4325e-15
5637.175 1.4152e-15
5638.700 1.4271e-15
5640.225 1.4327e-15
5641.750 1.4188e-15
5643.275 1.4071e-15
5644.800 1.4225e-15
5646.325 1.4088e-15
5647.850 1.4076e-15
5649.375 1.4329e-15
5650.900 1.3977e-15
5652.425 1.3806e-15
5653.950 1.3779e-15
5655.475 1.3823e-15
5657.000 1.406e-15
5658.525 1.3893e-15
5660.050 1.3734e-15
5661.575 1.3956e-15
5663.100 1.3924e-15
5664.625 1.3847e-15
5666.150 1.4051e-15
5667.675 1.3738e-15
5669.200 1.3611e-15
5670.725 1.3552e-15
5672.250 1.3675e-15
5673.775 1.3712e-15
5675.300 1.3271e-15
5676.825 1.2951e-15
5678.350 1.3466e-15
5679.875 1.3751e-15
5681.400 1.3542e-15
5682.925 1.2967e-15
5684.450 1.2427e-15
5685.975 1.2679e-15
5687.500 1.2629e-15
5689.025 1.2508e-15
5690.550 1.2953e-15
5692.075 1.3365e-15
5693.600 1.3313e-15
5695.125 1.2726e-15
5696.650 1.2628e-15
5698.175 1.301e-15
5699.700 1.2715e-15
5701.225 1.2413e-15
5702.750 1.2585e-15
5704.275 1.2309e-15
5705.800 1.2348e-15
5707.325 1.2082e-15
5708.850 1.1906e-15
5710.375 1.1994e-15
5711.900 1.1933e-15
5713.425 1.1896e-15
5714.950 1.2066e-15
5716.475 1.1807e-15
5718.000 1.1705e-15
5719.525 1.1641e-15
5721.050 1.1822e-15
5722.575 1.1508e-15
5724.100 1.1128e-15
5725.625 1.1317e-15
5727.150 1.1457e-15
5728.675 1.0863e-15
5730.200 1.073e-15
5731.725 1.0755e-15
5733.250 1.0859e-15
5734.775 1.1094e-15
5736.300 1.1121e-15
5737.825 1.0804e-15
5739.350 1.0573e-15
5740.875 1.0538e-15
5742.400 1.048e-15
5743.925 1.0491e-15
5745.450 1.0431e-15
5746.975 1.0451e-15
5748.500 1.0511e-15
5750.025 1.0068e-15
5751.550 9.7884e-16
5753.075 9.7858e-16
5754.600 1.0107e-15
5756.125 1.0039e-15
5757.650 9.6264e-16
5759.175 9.643e-16
5760.700 9.7873e-16
5762.225 9.897e-16
5763.750 1.0036e-15
5765.275 9.949e-16
5766.800 1.0177e-15
5768.325 1.0302e-15
5769.850 1.0281e-15
5771.375 1.0501e-15
5772.900 1.043e-15
5774.425 1.0319e-15
5775.950 1.0002e-15
5777.475 9.8484e-16
5779.000 1.0059e-15
5780.525 1.0534e-15
5782.050 1.0525e-15
5783.575 1.073e-15
5785.100 1.0376e-15
5786.625 1.0126e-15
5788.150 1.0506e-15
5789.675 1.0753e-15
5791.200 1.0649e-15
5792.725 1.0708e-15
5794.250 1.0537e-15
5795.775 1.0552e-15
5797.300 1.0517e-15
5798.825 1.0593e-15
5800.350 1.0731e-15
5801.875 1.0471e-15
5803.400 1.0355e-15
5804.925 1.0356e-15
5806.450 1.0472e-15
5807.975 1.0603e-15
5809.500 1.0789e-15
5811.025 1.0877e-15
5812.550 1.0687e-15
5814.075 1.0921e-15
5815.600 1.1311e-15
5817.125 1.1736e-15
5818.650 1.1411e-15
5820.175 1.0976e-15
5821.700 1.0978e-15
5823.225 1.1081e-15
5824.750 1.1066e-15
5826.275 1.0979e-15
5827.800 1.1186e-15
5829.325 1.1106e-15
5830.850 1.112e-15
5832.375 1.1208e-15
5833.900 1.1027e-15
5835.425 1.0932e-15
5836.950 1.1043e-15
5838.475 1.1069e-15
5840.000 1.1299e-15
5841.525 1.1371e-15
5843.050 1.1291e-15
5844.575 1.1223e-15
5846.100 1.1154e-15
5847.625 1.111e-15
5849.150 1.0921e-15
5850.675 1.1027e-15
5852.200 1.1209e-15
5853.725 1.1412e-15
5855.250 1.153e-15
5856.775 1.1431e-15
5858.300 1.1261e-15
5859.825 1.1126e-15
5861.350 1.0891e-15
5862.875 1.1256e-15
5864.400 1.1375e-15
5865.925 1.1259e-15
5867.450 1.1009e-15
5868.975 1.1023e-15
5870.500 1.1286e-15
5872.025 1.1548e-15
5873.550 1.1437e-15
5875.075 1.1268e-15
5876.600 1.1196e-15
5878.125 1.1041e-15
5879.650 1.0834e-15
5881.175 1.0962e-15
5882.700 1.1048e-15
5884.225 1.0785e-15
5885.750 1.0411e-15
5887.275 1.0196e-15
5888.800 1.0439e-15
5890.325 1.0654e-15
5891.850 1.0518e-15
5893.375 1.0362e-15
5894.900 1.0128e-15
5896.425 1.0137e-15
5897.950 1.0151e-15
5899.475 1.0194e-15
5901.000 1.0072e-15
5902.525 9.7169e-16
5904.050 9.9537e-16
5905.575 1.0165e-15
5907.100 1.0018e-15
5908.625 9.7751e-16
5910.150 9.5381e-16
5911.675 9.586e-16
5913.200 9.688e-16
5914.725 9.5597e-16
5916.250 9.4754e-16
5917.775 9.3529e-16
5919.300 9.5381e-16
5920.825 9.6898e-16
5922.350 9.3011e-16
5923.875 9.1515e-16
5925.400 8.8396e-16
5926.925 9.0576e-16
5928.450 9.0424e-16
5929.975 8.6955e-16
5931.500 8.8435e-16
5933.025 8.861e-16
5934.550 8.5827e-16
5936.075 8.4094e-16
5937.600 8.5486e-16
5939.125 8.5593e-16
5940.650 8.402e-16
5942.175 8.4049e-16
5943.700 8.3484e-16
5945.225 8.1227e-16
5946.750 8.1044e-16
5948.275 8.2698e-16
5949.800 8.1375e-16
5951.325 7.986e-16
5952.850 8.2455e-16
5954.375 8.226e-16
5955.900 7.9806e-16
5957.425 7.8806e-16
5958.950 7.916e-16
5960.475 7.8113e-16
5962.000 7.8162e-16
5963.525 8.0019e-16
5965.050 8.0798e-16
5966.575 8.0066e-16
5968.100 7.9826e-16
5969.625 7.6131e-16
5971.150 7.5942e-16
5972.675 8.0547e-16
5974.200 8.039e-16
5975.725 7.8322e-16
5977.250 7.8831e-16
5978.775 7.8657e-16
5980.300 7.6186e-16
5981.825 7.3233e-16
5983.350 7.2351e-16
5984.875 7.4504e-16
5986.400 7.5503e-16
5987.925 7.5806e-16
5989.450 7.4614e-16
5990.975 7.5783e-16
5992.500 7.4853e-16
5994.025 7.4658e-16
5995.550 7.5165e-16
5997.075 7.1055e-16
5998.600 7.0318e-16
6000.125 7.4301e-16
6001.650 7.4721e-16
6003.175 7.2443e-16
6004.700 7.1174e-16
6006.225 7.0906e-16
6007.750 6.969e-16
6009.275 6.9194e-16
6010.800 6.7207e-16
6012.325 6.588e-16
6013.850 6.551e-16
6015.375 6.5368e-16
6016.900 6.3776e-16
6018.425 6.3003e-16
6019.950 6.4729e-16
6021.475 6.6527e-16
6023.000 6.3793e-16
6024.525 6.1868e-16
6026.050 6.1707e-16
6027.575 6.0132e-16
6029.100 6.0206e-16
6030.625 6.0647e-16
6032.150 5.9219e-16
6033.675 5.8954e-16
6035.200 5.9112e-16
6036.725 6.0026e-16
6038.250 5.9483e-16
6039.775 5.9231e-16
6041.300 6.1481e-16
6042.825 5.9774e-16
6044.350 5.7804e-16
6045.875 5.854e-16
6047.400 5.799e-16
6048.925 5.7999e-16
6050.450 5.8254e-16
6051.975 5.96e-16
6053.500 5.7984e-16
6055.025 5.7136e-16
6056.550 5.9389e-16
6058.075 5.9975e-16
6059.600 5.8313e-16
6061.125 5.8285e-16
6062.650 5.9444e-16
6064.175 6.012e-16
6065.700 5.9372e-16
6067.225 5.9426e-16
6068.750 6.034e-16
6070.275 5.7525e-16
6071.800 5.6626e-16
6073.325 6.0523e-16
6074.850 6.3816e-16
6076.375 6.4726e-16
6077.900 6.3901e-16
6079.425 6.2792e-16
6080.950 6.2156e-16
6082.475 6.2559e-16
6084.000 6.1861e-16
6085.525 6.1122e-16
6087.050 6.1756e-16
6088.575 6.2865e-16
6090.100 6.375e-16
6091.625 6.2811e-16
6093.150 6.0815e-16
6094.675 6.2528e-16
6096.200 6.4405e-16
6097.725 6.3425e-16
6099.250 6.1849e-16
6100.775 6.0519e-16
6102.300 6.0726e-16
6103.825 5.8999e-16
6105.350 5.8949e-16
6106.875 5.9811e-16
6108.400 5.7689e-16
6109.925 5.5016e-16
6111.450 5.528e-16
6112.975 5.7107e-16
6114.500 5.5872e-16
6116.025 5.5228e-16
6117.550 5.6232e-16
6119.075 5.5123e-16
6120.600 5.3967e-16
6122.125 5.5043e-16
6123.650 5.5747e-16
6125.175 5.4796e-16
6126.700 5.4192e-16
6128.225 5.4406e-16
6129.750 5.2176e-16
6131.275 5.4136e-16
6132.800 5.703e-16
6134.325 5.4523e-16
6135.850 5.2798e-16
6137.375 5.1867e-16
6138.900 5.245e-16
6140.425 5.4043e-16
6141.950 5.4312e-16
6143.475 5.5204e-16
6145.000 5.3202e-16
6146.525 5.3759e-16
6148.050 5.4445e-16
6149.575 5.3543e-16
6151.100 5.3933e-16
6152.625 5.4455e-16
6154.150 5.5588e-16
6155.675 5.3329e-16
6157.200 5.2397e-16
6158.725 5.2946e-16
6160.250 5.563e-16
6161.775 5.7007e-16
6163.300 5.5462e-16
6164.825 5.5732e-16
6166.350 5.7268e-16
6167.875 5.932e-16
6169.400 5.7411e-16
6170.925 5.4618e-16
6172.450 5.5705e-16
6173.975 5.7131e-16
6175.500 5.6498e-16
6177.025 5.682e-16
6178.550 5.7761e-16
6180.075 5.7494e-16
6181.600 5.7214e-16
6183.125 5.9749e-16
6184.650 6.0277e-16
6186.175 5.8902e-16
6187.700 5.6812e-16
6189.225 5.5107e-16
6190.750 5.7592e-16
6192.275 5.8783e-16
6193.800 5.6806e-16
6195.325 5.6087e-16
6196.850 5.6689e-16
6198.375 5.6842e-16
6199.900 5.6546e-16
6201.425 5.6703e-16
6202.950 5.7018e-16
6204.475 5.6535e-16
6206.000 5.4497e-16
6207.525 5.4141e-16
6209.050 5.4562e-16
6210.575 5.6343e-16
6212.100 5.7092e-16
6213.625 5.6242e-16
6215.150 5.5108e-16
6216.675 5.6023e-16
6218.200 5.8027e-16
6219.725 5.784e-16
6221.250 5.7251e-16
6222.775 5.6536e-16
6224.300 5.7429e-16
6225.825 5.8903e-16
6227.350 5.8676e-16
6228.875 5.8548e-16
6230.400 5.8035e-16
6231.925 5.958e-16
6233.450 6.1531e-16
6234.975 6.1531e-16
6236.500 5.894e-16
6238.025 5.9915e-16
6239.550 6.0631e-16
6241.075 6.1009e-16
6242.600 6.1575e-16
6244.125 6.1818e-16
6245.650 6.2364e-16
6247.175 6.3799e-16
6248.700 6.4706e-16
6250.225 6.4264e-16
6251.750 6.5253e-16
6253.275 6.7477e-16
6254.800 6.5773e-16
6256.325 6.4162e-16
6257.850 6.4383e-16
6259.375 6.5557e-16
6260.900 6.7973e-16
6262.425 6.5867e-16
6263.950 6.5632e-16
6265.475 6.7387e-16
6267.000 6.8527e-16
6268.525 6.7746e-16
6270.050 6.6508e-16
6271.575 6.6686e-16
6273.100 6.7871e-16
6274.625 6.7272e-16
6276.150 6.5036e-16
6277.675 6.5526e-16
6279.200 6.6714e-16
6280.725 6.6562e-16
6282.250 6.6567e-16
6283.775 6.5316e-16
6285.300 6.4896e-16
6286.825 6.5575e-16
6288.350 6.186e-16
6289.875 6.1949e-16
6291.400 6.3026e-16
6292.925 6.3224e-16
6294.450 6.4533e-16
6295.975 6.5728e-16
6297.500 6.3621e-16
6299.025 6.2019e-16
6300.550 6.051e-16
6302.075 5.7963e-16
6303.600 5.5719e-16
6305.125 5.7993e-16
6306.650 5.9496e-16
6308.175 5.7649e-16
6309.700 5.813e-16
6311.225 5.7777e-16
6312.750 5.7251e-16
6314.275 5.6518e-16
6315.800 5.4442e-16
6317.325 5.4512e-16
6318.850 5.562e-16
6320.375 5.4306e-16
6321.900 5.5406e-16
6323.425 5.6964e-16
6324.950 5.4517e-16
6326.475 5.3118e-16
6328.000 5.372e-16
6329.525 5.495e-16
6331.050 5.2908e-16
6332.575 5.2699e-16
6334.100 5.3126e-16
6335.625 5.3388e-16
6337.150 5.4709e-16
6338.675 5.5378e-16
6340.200 5.6555e-16
6341.725 5.5322e-16
6343.250 5.4776e-16
6344.775 5.3446e-16
6346.300 5.402e-16
6347.825 5.5719e-16
6349.350 5.7361e-16
6350.875 5.7575e-16
6352.400 5.6819e-16
6353.925 5.7083e-16
6355.450 5.5939e-16
6356.975 5.7197e-16
6358.500 5.7005e-16
6360.025 5.4815e-16
6361.550 5.6688e-16
6363.075 5.8613e-16
6364.600 5.6943e-16
6366.125 5.6038e-16
6367.650 5.7108e-16
6369.175 5.8335e-16
6370.700 6.0018e-16
6372.225 6.2637e-16
6373.750 6.2168e-16
6375.275 5.8991e-16
6376.800 5.9e-16
6378.325 6.1545e-16
6379.850 6.2231e-16
6381.375 6.1878e-16
6382.900 6.1792e-16
6384.425 6.2103e-16
6385.950 6.4846e-16
6387.475 6.5551e-16
6389.000 6.3138e-16
6390.525 6.2995e-16
6392.050 6.6563e-16
6393.575 6.7145e-16
6395.100 6.4715e-16
6396.625 6.3486e-16
6398.150 6.6231e-16
6399.675 6.6627e-16
6401.200 6.5496e-16
6402.725 6.7715e-16
6404.250 6.9777e-16
6405.775 6.8326e-16
6407.300 6.799e-16
6408.825 6.8455e-16
6410.350 6.9802e-16
6411.875 7.094e-16
6413.400 7.1285e-16
6414.925 6.9433e-16
6416.450 7.0721e-16
6417.975 7.0541e-16
6419.500 7.0175e-16
6421.025 7.0301e-16
6422.550 6.9782e-16
6424.075 7.3648e-16
6425.600 7.6429e-16
6427.125 7.6468e-16
6428.650 7.6594e-16
6430.175 7.7228e-16
6431.700 7.8417e-16
6433.225 8.2089e-16
6434.750 8.3758e-16
6436.275 8.2067e-16
6437.800 8.2059e-16
6439.325 8.1886e-16
6440.850 8.1657e-16
6442.375 8.4118e-16
6443.900 8.5241e-16
6445.425 8.3971e-16
6446.950 8.6453e-16
6448.475 8.9581e-16
6450.000 9.1247e-16
6451.525 8.9948e-16
6453.050 8.9279e-16
6454.575 9.0575e-16
6456.100 9.3599e-16
6457.625 9.3839e-16
6459.150 9.3446e-16
6460.675 9.4745e-16
6462.200 9.5522e-16
6463.725 9.4302e-16
6465.250 9.2818e-16
6466.775 9.484e-16
6468.300 9.6897e-16
6469.825 9.59e-16
6471.350 9.9338e-16
6472.875 1.0293e-15
6474.400 1.0074e-15
6475.925 1.0009e-15
6477.450 1.0097e-15
6478.975 1.0165e-15
6480.500 1.0163e-15
6482.025 9.9866e-16
6483.550 9.9966e-16
6485.075 1.0162e-15
6486.600 1.0345e-15
6488.125 1.025e-15
6489.650 1.0439e-15
6491.175 1.0755e-15
6492.700 1.0865e-15
6494.225 1.1005e-15
6495.750 1.1157e-15
6497.275 1.1097e-15
6498.800 1.0827e-15
6500.325 1.0778e-15
6501.850 1.1011e-15
6503.375 1.123e-15
6504.900 1.115e-15
6506.425 1.1208e-15
6507.950 1.1566e-15
6509.475 1.1571e-15
6511.000 1.1419e-15
6512.525 1.1341e-15
6514.050 1.1407e-15
6515.575 1.1745e-15
6517.100 1.1761e-15
6518.625 1.1428e-15
6520.150 1.1412e-15
6521.675 1.1595e-15
6523.200 1.1632e-15
6524.725 1.1571e-15
6526.250 1.1543e-15
6527.775 1.165e-15
6529.300 1.1687e-15
6530.825 1.1755e-15
6532.350 1.1944e-15
6533.875 1.1758e-15
6535.400 1.1679e-15
6536.925 1.2147e-15
6538.450 1.2112e-15
6539.975 1.2114e-15
6541.500 1.2278e-15
6543.025 1.208e-15
6544.550 1.2175e-15
6546.075 1.2318e-15
6547.600 1.2356e-15
6549.125 1.2433e-15
6550.650 1.23e-15
6552.175 1.2382e-15
6553.700 1.2739e-15
6555.225 1.3202e-15
6556.750 1.3956e-15
6558.275 1.4517e-15
6559.800 1.4568e-15
6561.325 1.4685e-15
6562.850 1.4605e-15
6564.375 1.3979e-15
6565.900 1.3562e-15
6567.425 1.3241e-15
6568.950 1.2749e-15
6570.475 1.2548e-15
6572.000 1.2232e-15
6573.525 1.192e-15
6575.050 1.1879e-15
6576.575 1.1867e-15
6578.100 1.1794e-15
6579.625 1.1686e-15
6581.150 1.1493e-15
6582.675 1.161e-15
6584.200 1.1845e-15
6585.725 1.1915e-15
6587.250 1.1906e-15
6588.775 1.1658e-15
6590.300 1.135e-15
6591.825 1.1291e-15
6593.350 1.1345e-15
6594.875 1.1361e-15
6596.400 1.1386e-15
6597.925 1.1389e-15
6599.450 1.1322e-15
6600.975 1.1212e-15
6602.500 1.1332e-15
6604.025 1.1435e-15
6605.550 1.1065e-15
6607.075 1.0808e-15
6608.600 1.0838e-15
6610.125 1.1042e-15
6611.650 1.1263e-15
6613.175 1.1241e-15
6614.700 1.1124e-15
6616.225 1.0902e-15
6617.750 1.0705e-15
6619.275 1.0454e-15
6620.800 1.0386e-15
6622.325 1.068e-15
6623.850 1.0847e-15
6625.375 1.0692e-15
6626.900 1.0659e-15
6628.425 1.0882e-15
6629.950 1.0683e-15
6631.475 1.042e-15
6633.000 1.063e-15
6634.525 1.0751e-15
6636.050 1.0615e-15
6637.575 1.0436e-15
6639.100 1.0253e-15
6640.625 9.9976e-16
6642.150 9.7504e-16
6643.675 9.8892e-16
6645.200 1.0068e-15
6646.725 1.0076e-15
6648.250 1.0106e-15
6649.775 1.0117e-15
6651.300 1.023e-15
6652.825 1.0141e-15
6654.350 9.8831e-16
6655.875 9.9018e-16
6657.400 9.8561e-16
6658.925 1.0015e-15
6660.450 1.0057e-15
6661.975 9.6725e-16
6663.500 9.6118e-16
6665.025 9.7369e-16
6666.550 9.7113e-16
6668.075 9.5753e-16
6669.600 9.3207e-16
6671.125 9.3094e-16
6672.650 9.4429e-16
6674.175 9.4066e-16
6675.700 9.2346e-16
6677.225 9.178e-16
6678.750 9.0998e-16
6680.275 9.2598e-16
6681.800 9.2921e-16
6683.325 9.1909e-16
6684.850 8.9171e-16
6686.375 8.7292e-16
6687.900 8.7173e-16
6689.425 8.5712e-16
6690.950 8.5608e-16
6692.475 8.5835e-16
6694.000 8.5823e-16
6695.525 8.4822e-16
6697.050 8.5022e-16
6698.575 8.3259e-16
6700.100 8.2502e-16
6701.625 8.302e-16
6703.150 8.2817e-16
6704.675 8.1568e-16
6706.200 7.8163e-16
6707.725 7.8567e-16
6709.250 7.9884e-16
6710.775 7.9042e-16
6712.300 7.8095e-16
6713.825 7.7532e-16
6715.350 7.879e-16
6716.875 8.0011e-16
6718.400 7.8682e-16
6719.925 7.5609e-16
6721.450 7.464e-16
6722.975 7.6098e-16
6724.500 7.5829e-16
6726.025 7.3168e-16
6727.550 7.1567e-16
6729.075 7.3496e-16
6730.600 7.7044e-16
6732.125 7.3579e-16
6733.650 7.3111e-16
6735.175 7.5779e-16
6736.700 7.4362e-16
6738.225 7.0355e-16
6739.750 7.1585e-16
6741.275 7.2728e-16
6742.800 7.2682e-16
6744.325 7.1308e-16
6745.850 7.0783e-16
6747.375 6.7877e-16
6748.900 6.6952e-16
6750.425 6.656e-16
6751.950 6.6467e-16
6753.475 6.7735e-16
6755.000 6.7652e-16
6756.525 6.4704e-16
6758.050 6.4587e-16
6759.575 6.4472e-16
6761.100 6.4012e-16
6762.625 6.259e-16
6764.150 6.4233e-16
6765.675 6.5013e-16
6767.200 6.4329e-16
6768.725 6.3388e-16
6770.250 6.1707e-16
6771.775 6.1372e-16
6773.300 6.0059e-16
6774.825 6.0394e-16
6776.350 6.02e-16
6777.875 5.8961e-16
6779.400 5.9342e-16
6780.925 6.0458e-16
6782.450 5.9073e-16
6783.975 5.8884e-16
6785.500 5.8857e-16
6787.025 5.88e-16
6788.550 5.8872e-16
6790.075 5.823e-16
6791.600 5.7134e-16
6793.125 5.6503e-16
6794.650 5.7212e-16
6796.175 5.7194e-16
6797.700 5.6671e-16
6799.225 5.5556e-16
6800.750 5.5006e-16
6802.275 5.6429e-16
6803.800 5.8161e-16
6805.325 5.6774e-16
6806.850 5.6089e-16
6808.375 5.4258e-16
6809.900 5.339e-16
6811.425 5.3985e-16
6812.950 5.4944e-16
6814.475 5.5048e-16
6816.000 5.4036e-16
6817.525 5.4748e-16
6819.050 5.7167e-16
6820.575 5.5502e-16
6822.100 5.4209e-16
6823.625 5.3775e-16
6825.150 5.4508e-16
6826.675 5.514e-16
6828.200 5.5609e-16
6829.725 5.4701e-16
6831.250 5.354e-16
6832.775 5.1927e-16
6834.300 5.2742e-16
6835.825 5.4854e-16
6837.350 5.4624e-16
6838.875 5.6086e-16
6840.400 5.573e-16
6841.925 5.3518e-16
6843.450 5.273e-16
6844.975 5.3771e-16
6846.500 5.503e-16
6848.025 5.4515e-16
6849.550 5.435e-16
6851.075 5.5123e-16
6852.600 5.254e-16
6854.125 5.1125e-16
6855.650 5.3576e-16
6857.175 5.3675e-16
6858.700 5.2413e-16
6860.225 5.2454e-16
6861.750 5.39e-16
6863.275 5.4402e-16
6864.800 5.4171e-16
6866.325 5.3524e-16
6867.850 5.3723e-16
6869.375 5.5982e-16
6870.900 5.5298e-16
6872.425 5.4374e-16
6873.950 5.564e-16
6875.475 5.4515e-16
6877.000 5.3892e-16
6878.525 5.3966e-16
6880.050 5.1228e-16
6881.575 5.0287e-16
6883.100 5.2398e-16
6884.625 5.2975e-16
6886.150 5.22e-16
6887.675 5.2864e-16
6889.200 5.3492e-16
6890.725 5.3307e-16
6892.250 5.2188e-16
6893.775 5.0611e-16
6895.300 5.1697e-16
6896.825 5.213e-16
6898.350 5.131e-16
6899.875 5.1788e-16
6901.400 5.312e-16
6902.925 5.5058e-16
6904.450 5.4071e-16
6905.975 5.2258e-16
6907.500 5.0537e-16
6909.025 4.8944e-16
6910.550 5.2243e-16
6912.075 5.4426e-16
6913.600 5.1875e-16
6915.125 5.2179e-16
6916.650 5.26e-16
6918.175 5.1525e-16
6919.700 5.1324e-16
6921.225 5.1584e-16
6922.750 4.9998e-16
6924.275 4.8864e-16
6925.800 5.0767e-16
6927.325 5.0731e-16
6928.850 5.0348e-16
6930.375 4.9231e-16
6931.900 5.0329e-16
6933.425 5.0852e-16
6934.950 5.0425e-16
6936.475 5.0468e-16
6938.000 5.0923e-16
6939.525 5.1504e-16
6941.050 5.1787e-16
6942.575 5.2242e-16
6944.100 5.3679e-16
6945.625 5.2406e-16
6947.150 5.157e-16
6948.675 5.1253e-16
6950.200 5.0897e-16
6951.725 5.1992e-16
6953.250 5.1456e-16
6954.775 5.1227e-16
6956.300 5.0407e-16
6957.825 5.0944e-16
6959.350 5.1305e-16
6960.875 5.2278e-16
6962.400 5.2672e-16
6963.925 5.2987e-16
6965.450 5.1881e-16
6966.975 5.2229e-16
6968.500 5.3748e-16
6970.025 5.4341e-16
6971.550 5.4601e-16
6973.075 5.4517e-16
6974.600 5.3064e-16
6976.125 5.3812e-16
6977.650 5.4222e-16
6979.175 5.2336e-16
6980.700 5.5041e-16
6982.225 5.561e-16
6983.750 5.3269e-16
6985.275 5.2143e-16
6986.800 5.1478e-16
6988.325 5.1807e-16
6989.850 5.3371e-16
6991.375 5.5677e-16
6992.900 5.5994e-16
6994.425 5.4534e-16
6995.950 5.3838e-16
6997.475 5.495e-16
6999.000 5.5846e-16
7000.525 5.48e-16
7002.050 5.5516e-16
7003.575 5.6373e-16
7005.100 5.615e-16
7006.625 5.4024e-16
7008.150 5.4287e-16
7009.675 5.6755e-16
7011.200 5.6877e-16
7012.725 5.6885e-16
7014.250 5.634e-16
7015.775 5.5331e-16
7017.300 5.5652e-16
7018.825 5.6457e-16
7020.350 5.7669e-16
7021.875 5.6524e-16
7023.400 5.5246e-16
7024.925 5.4543e-16
7026.450 5.4501e-16
7027.975 5.4946e-16
7029.500 5.5299e-16
7031.025 5.4635e-16
7032.550 5.4389e-16
7034.075 5.358e-16
7035.600 5.2426e-16
7037.125 5.1484e-16
7038.650 5.3669e-16
7040.175 5.3627e-16
7041.700 5.2858e-16
7043.225 5.3086e-16
7044.750 5.2682e-16
7046.275 5.3112e-16
7047.800 5.2695e-16
7049.325 5.2964e-16
7050.850 5.2799e-16
7052.375 5.2587e-16
7053.900 5.2393e-16
7055.425 5.3332e-16
7056.950 5.3133e-16
7058.475 5.2106e-16
7060.000 5.1607e-16
7061.525 5.0498e-16
7063.050 5.1182e-16
7064.575 5.0564e-16
7066.100 4.9463e-16
7067.625 5.0365e-16
7069.150 5.031e-16
7070.675 4.886e-16
7072.200 4.9741e-16
7073.725 5.113e-16
7075.250 5.0719e-16
7076.775 5.0194e-16
7078.300 5.0632e-16
7079.825 4.957e-16
7081.350 4.8893e-16
7082.875 4.8403e-16
7084.400 4.8087e-16
7085.925 4.8787e-16
7087.450 4.8265e-16
7088.975 4.7104e-16
7090.500 4.5672e-16
7092.025 4.6513e-16
7093.550 4.8808e-16
7095.075 4.7868e-16
7096.600 4.6839e-16
7098.125 4.7317e-16
7099.650 4.7048e-16
7101.175 4.6166e-16
7102.700 4.4636e-16
7104.225 4.4888e-16
7105.750 4.4575e-16
7107.275 4.3902e-16
7108.800 4.3627e-16
7110.325 4.354e-16
7111.850 4.5321e-16
7113.375 4.522e-16
7114.900 4.4586e-16
7116.425 4.6474e-16
7117.950 4.702e-16
7119.475 4.5367e-16
7121.000 4.4037e-16
7122.525 4.465e-16
7124.050 4.5696e-16
7125.575 4.6066e-16
7127.100 4.6137e-16
7128.625 4.648e-16
7130.150 4.5518e-16
7131.675 4.5763e-16
7133.200 4.5888e-16
7134.725 4.5897e-16
7136.250 4.3355e-16
7137.775 4.316e-16
7139.300 4.3997e-16
7140.825 4.3584e-16
7142.350 4.468e-16
7143.875 4.5993e-16
7145.400 4.5463e-16
7146.925 4.5494e-16
7148.450 4.7276e-16
7149.975 4.6073e-16
7151.500 4.51e-16
7153.025 4.571e-16
7154.550 4.6231e-16
7156.075 4.5077e-16
7157.600 4.3793e-16
7159.125 4.43e-16
7160.650 4.3258e-16
7162.175 4.2121e-16
7163.700 4.4477e-16
7165.225 4.6692e-16
7166.750 4.5165e-16
7168.275 4.3974e-16
7169.800 4.4541e-16
7171.325 4.4573e-16
7172.850 4.6426e-16
7174.375 4.7149e-16
7175.900 4.8002e-16
7177.425 4.648e-16
7178.950 4.5849e-16
7180.475 4.655e-16
7182.000 4.6468e-16
7183.525 4.7761e-16
7185.050 4.8109e-16
7186.575 4.7077e-16
7188.100 4.5568e-16
7189.625 4.3559e-16
7191.150 4.3329e-16
7192.675 4.6956e-16
7194.200 4.8096e-16
7195.725 4.6883e-16
7197.250 4.6473e-16
7198.775 4.7918e-16
7200.300 4.6801e-16
7201.825 4.678e-16
7203.350 4.5817e-16
7204.875 4.6079e-16
7206.400 4.5728e-16
7207.925 4.7432e-16
7209.450 4.77e-16
7210.975 4.8068e-16
7212.500 4.6986e-16
7214.025 4.6143e-16
7215.550 4.7974e-16
7217.075 4.8411e-16
7218.600 4.8328e-16
7220.125 4.8562e-16
7221.650 4.8603e-16
7223.175 5.088e-16
7224.700 5.0752e-16
7226.225 4.8658e-16
7227.750 5.018e-16
7229.275 5.0406e-16
7230.800 4.9909e-16
7232.325 5.0208e-16
7233.850 5.0087e-16
7235.375 5.0348e-16
7236.900 5.1129e-16
7238.425 5.2207e-16
7239.950 5.2602e-16
7241.475 5.3625e-16
7243.000 5.5658e-16
7244.525 5.4144e-16
7246.050 5.2824e-16
7247.575 5.4522e-16
7249.100 5.488e-16
7250.625 5.4586e-16
7252.150 5.643e-16
7253.675 5.5852e-16
7255.200 5.3853e-16
7256.725 5.4488e-16
7258.250 5.5925e-16
7259.775 5.526e-16
7261.300 5.476e-16
7262.825 5.4935e-16
7264.350 5.3909e-16
7265.875 5.3325e-16
7267.400 5.4998e-16
7268.925 5.6266e-16
7270.450 5.578e-16
7271.975 5.5224e-16
7273.500 5.4305e-16
7275.025 5.4337e-16
7276.550 5.6137e-16
7278.075 5.7054e-16
7279.600 5.6029e-16
7281.125 5.5969e-16
7282.650 5.6289e-16
7284.175 5.732e-16
7285.700 5.66e-16
7287.225 5.6819e-16
7288.750 5.8588e-16
7290.275 5.8818e-16
7291.800 5.8873e-16
7293.325 5.7735e-16
7294.850 5.8769e-16
7296.375 5.9167e-16
7297.900 5.9464e-16
7299.425 5.8886e-16
7300.950 5.6061e-16
7302.475 5.5066e-16
7304.000 5.7068e-16
7305.525 5.8674e-16
7307.050 5.6613e-16
7308.575 5.5933e-16
7310.100 5.6591e-16
7311.625 5.7799e-16
7313.150 5.7914e-16
7314.675 5.5867e-16
7316.200 5.3744e-16
7317.725 5.4252e-16
7319.250 5.5142e-16
7320.775 5.4656e-16
7322.300 5.3481e-16
7323.825 5.5552e-16
7325.350 5.5109e-16
7326.875 5.3092e-16
7328.400 5.4509e-16
7329.925 5.592e-16
7331.450 5.4344e-16
7332.975 5.3619e-16
7334.500 5.4193e-16
7336.025 5.286e-16
7337.550 5.4517e-16
7339.075 5.5825e-16
7340.600 5.4083e-16
7342.125 5.2624e-16
7343.650 5.23e-16
7345.175 5.2913e-16
7346.700 5.2345e-16
7348.225 5.2619e-16
7349.750 5.3976e-16
7351.275 5.3951e-16
7352.800 5.4219e-16
7354.325 5.2869e-16
7355.850 5.2231e-16
7357.375 5.3417e-16
7358.900 5.4673e-16
7360.425 5.4585e-16
7361.950 5.3869e-16
7363.475 5.1862e-16
7365.000 5.2701e-16
7366.525 5.2778e-16
7368.050 5.1922e-16
7369.575 5.2255e-16
7371.100 5.4504e-16
7372.625 5.4863e-16
7374.150 5.2664e-16
7375.675 5.0828e-16
7377.200 5.0967e-16
7378.725 5.1667e-16
7380.250 5.2308e-16
7381.775 5.1817e-16
7383.300 5.2599e-16
7384.825 5.4709e-16
7386.350 5.4405e-16
7387.875 5.3534e-16
7389.400 5.3739e-16
7390.925 5.3499e-16
7392.450 5.3242e-16
7393.975 5.4135e-16
7395.500 5.5684e-16
7397.025 5.5093e-16
7398.550 5.4105e-16
7400.075 5.4887e-16
7401.600 5.5565e-16
7403.125 5.5608e-16
7404.650 5.4634e-16
7406.175 5.4321e-16
7407.700 5.4865e-16
7409.225 5.4671e-16
7410.750 5.5078e-16
7412.275 5.5906e-16
7413.800 5.7112e-16
7415.325 5.6279e-16
7416.850 5.6632e-16
7418.375 5.9125e-16
7419.900 5.769e-16
7421.425 5.6117e-16
7422.950 5.7712e-16
7424.475 5.7838e-16
7426.000 5.5877e-16
7427.525 5.6433e-16
7429.050 5.8146e-16
7430.575 5.8048e-16
7432.100 5.9333e-16
7433.625 6.0939e-16
7435.150 6.1021e-16
7436.675 6.0613e-16
7438.200 5.9711e-16
7439.725 5.9385e-16
7441.250 6.009e-16
7442.775 6.186e-16
7444.300 6.1546e-16
7445.825 6.1117e-16
7447.350 6.2144e-16
7448.875 6.1609e-16
7450.400 6.2978e-16
7451.925 6.3339e-16
7453.450 6.555e-16
7454.975 6.7079e-16
7456.500 6.3664e-16
7458.025 6.4039e-16
7459.550 6.6666e-16
7461.075 6.8091e-16
7462.600 6.8166e-16
7464.125 6.7519e-16
7465.650 6.4687e-16
7467.175 6.3215e-16
7468.700 6.5106e-16
7470.225 6.85e-16
7471.750 6.9306e-16
7473.275 6.9302e-16
7474.800 6.8536e-16
7476.325 6.8329e-16
7477.850 6.8355e-16
7479.375 6.7689e-16
7480.900 6.8318e-16
7482.425 6.9658e-16
7483.950 6.8243e-16
7485.475 6.8824e-16
7487.000 7.0078e-16
7488.525 6.9035e-16
7490.050 6.9202e-16
7491.575 7.0253e-16
7493.100 6.976e-16
7494.625 6.9458e-16
7496.150 6.9294e-16
7497.675 6.9602e-16
7499.200 7.0635e-16
7500.725 7.3347e-16
7502.250 7.222e-16
7503.775 7.0453e-16
7505.300 7.2658e-16
7506.825 7.3595e-16
7508.350 7.1787e-16
7509.875 7.2409e-16
7511.400 7.3892e-16
7512.925 7.2947e-16
7514.450 7.3068e-16
7515.975 7.412e-16
7517.500 7.3963e-16
7519.025 7.2254e-16
7520.550 7.1357e-16
7522.075 7.0767e-16
7523.600 7.1021e-16
7525.125 7.1626e-16
7526.650 7.3032e-16
7528.175 7.5883e-16
7529.700 7.5943e-16
7531.225 7.1719e-16
7532.750 6.8013e-16
7534.275 6.8141e-16
7535.800 7.2093e-16
7537.325 7.1376e-16
7538.850 6.931e-16
7540.375 6.9277e-16
7541.900 6.8295e-16
7543.425 6.7256e-16
7544.950 6.7299e-16
7546.475 6.7879e-16
7548.000 6.6143e-16
7549.525 6.4296e-16
7551.050 6.3873e-16
7552.575 6.4441e-16
7554.100 6.3125e-16
7555.625 6.1927e-16
7557.150 6.1749e-16
7558.675 6.135e-16
7560.200 6.3484e-16
7561.725 6.267e-16
7563.250 5.9167e-16
7564.775 6.0257e-16
7566.300 6.2095e-16
7567.825 6.0736e-16
7569.350 5.9668e-16
7570.875 6.0039e-16
7572.400 5.9141e-16
7573.925 5.6644e-16
7575.450 5.634e-16
7576.975 5.8017e-16
7578.500 5.8638e-16
7580.025 5.809e-16
7581.550 5.7161e-16
7583.075 5.7345e-16
7584.600 5.7344e-16
7586.125 5.67e-16
7587.650 5.7194e-16
7589.175 5.9236e-16
7590.700 6.0214e-16
7592.225 5.7921e-16
7593.750 5.7179e-16
7595.275 6.1304e-16
7596.800 6.3302e-16
7598.325 6.4288e-16
7599.850 6.2389e-16
7601.375 6.1889e-16
7602.900 6.0047e-16
7604.425 5.5618e-16
7605.950 5.3369e-16
7607.475 5.5127e-16
7609.000 5.4036e-16
7610.525 5.0173e-16
7612.050 5.2789e-16
7613.575 5.5571e-16
7615.100 5.6065e-16
7616.625 5.5866e-16
7618.150 5.7535e-16
7619.675 5.4708e-16
7621.200 5.3464e-16
7622.725 5.5132e-16
7624.250 5.7753e-16
7625.775 6.0231e-16
7627.300 5.8096e-16
7628.825 5.4429e-16
7630.350 5.7806e-16
7631.875 5.9371e-16
7633.400 5.8896e-16
7634.925 5.9163e-16
7636.450 5.9426e-16
7637.975 5.8656e-16
7639.500 5.6908e-16
7641.025 5.8522e-16
7642.550 5.9498e-16
7644.075 5.8109e-16
7645.600 5.9123e-16
7647.125 6.1591e-16
7648.650 6.074e-16
7650.175 6.1194e-16
7651.700 6.1253e-16
7653.225 5.9744e-16
7654.750 6.0685e-16
7656.275 6.0213e-16
7657.800 6.0145e-16
7659.325 6.1826e-16
7660.850 6.2113e-16
7662.375 6.258e-16
7663.900 6.3462e-16
7665.425 6.3377e-16
7666.950 6.4839e-16
7668.475 6.4499e-16
7670.000 6.2142e-16
7671.525 6.1944e-16
7673.050 6.373e-16
7674.575 6.517e-16
7676.100 6.4416e-16
7677.625 6.3272e-16
7679.150 6.2896e-16
7680.675 6.3516e-16
7682.200 6.4537e-16
7683.725 6.3638e-16
7685.250 6.3774e-16
7686.775 6.477e-16
7688.300 6.5226e-16
7689.825 6.5612e-16
7691.350 6.6567e-16
7692.875 6.7098e-16
7694.400 6.7046e-16
7695.925 6.6924e-16
7697.450 6.5057e-16
7698.975 6.4242e-16
7700.500 6.6351e-16
7702.025 6.7047e-16
7703.550 6.7654e-16
7705.075 6.9009e-16
7706.600 6.9445e-16
7708.125 6.9177e-16
7709.650 6.9585e-16
7711.175 6.9498e-16
7712.700 6.8456e-16
7714.225 7.0446e-16
7715.750 7.2871e-16
7717.275 7.3366e-16
7718.800 7.1876e-16
7720.325 7.26e-16
7721.850 7.5293e-16
7723.375 7.3764e-16
7724.900 7.2564e-16
7726.425 7.3247e-16
7727.950 7.427e-16
7729.475 7.468e-16
7731.000 7.4717e-16
7732.525 7.4685e-16
7734.050 7.3813e-16
7735.575 7.2168e-16
7737.100 7.2348e-16
7738.625 7.4344e-16
7740.150 7.5896e-16
7741.675 7.6882e-16
7743.200 7.74e-16
7744.725 7.907e-16
7746.250 7.8636e-16
7747.775 7.7624e-16
7749.300 7.7134e-16
7750.825 7.6466e-16
7752.350 7.7249e-16
7753.875 7.7321e-16
7755.400 7.6684e-16
7756.925 7.6285e-16
7758.450 7.4631e-16
7759.975 7.6003e-16
7761.500 7.8298e-16
7763.025 7.7701e-16
7764.550 7.7249e-16
7766.075 7.9361e-16
7767.600 7.7779e-16
7769.125 7.6888e-16
7770.650 7.8933e-16
7772.175 7.9597e-16
7773.700 7.7923e-16
7775.225 7.7335e-16
7776.750 7.8146e-16
7778.275 7.9869e-16
7779.800 7.9927e-16
7781.325 7.8738e-16
7782.850 7.803e-16
7784.375 7.8065e-16
7785.900 7.9435e-16
7787.425 8.025e-16
7788.950 8.091e-16
7790.475 8.0461e-16
7792.000 8.1362e-16
7793.525 8.0361e-16
7795.050 7.8384e-16
7796.575 7.7648e-16
7798.100 7.8326e-16
7799.625 8.0976e-16
7801.150 8.1502e-16
7802.675 7.9908e-16
7804.200 8.0053e-16
7805.725 8.0108e-16
7807.250 7.7641e-16
7808.775 7.7504e-16
7810.300 7.8756e-16
7811.825 8.0026e-16
7813.350 7.9229e-16
7814.875 7.7681e-16
7816.400 7.9199e-16
7817.925 8.0771e-16
7819.450 7.9916e-16
7820.975 7.8538e-16
7822.500 7.9868e-16
7824.025 8.2102e-16
7825.550 8.1764e-16
7827.075 7.9718e-16
7828.600 7.8046e-16
7830.125 7.7674e-16
7831.650 7.7514e-16
7833.175 7.6545e-16
7834.700 7.6555e-16
7836.225 7.8472e-16
7837.750 7.8899e-16
7839.275 7.7655e-16
7840.800 7.7291e-16
7842.325 7.7359e-16
7843.850 7.833e-16
7845.375 7.9e-16
7846.900 7.6988e-16
7848.425 7.5447e-16
7849.950 7.6408e-16
7851.475 7.6971e-16
7853.000 7.6496e-16
7854.525 7.4723e-16
7856.050 7.495e-16
7857.575 7.4906e-16
7859.100 7.3148e-16
7860.625 7.346e-16
7862.150 7.4476e-16
7863.675 7.3011e-16
7865.200 7.2972e-16
7866.725 7.4724e-16
7868.250 7.4518e-16
7869.775 7.2845e-16
7871.300 7.1334e-16
7872.825 7.3739e-16
7874.350 7.4251e-16
7875.875 7.0551e-16
7877.400 7.0561e-16
7878.925 7.1099e-16
7880.450 7.1977e-16
7881.975 7.2034e-16
7883.500 7.0372e-16
7885.025 6.9613e-16
7886.550 6.8764e-16
7888.075 6.9091e-16
7889.600 6.9195e-16
7891.125 6.9668e-16
7892.650 7.0148e-16
7894.175 7.0013e-16
7895.700 7.1022e-16
7897.225 7.1678e-16
7898.750 6.8673e-16
7900.275 6.8228e-16
7901.800 6.8623e-16
7903.325 7.0027e-16
7904.850 7.1802e-16
7906.375 7.1478e-16
7907.900 6.9231e-16
7909.425 6.6886e-16
7910.950 6.6805e-16
7912.475 6.7742e-16
7914.000 6.7946e-16
7915.525 6.654e-16
7917.050 6.5938e-16
7918.575 6.4792e-16
7920.100 6.3573e-16
7921.625 6.5157e-16
7923.150 6.567e-16
7924.675 6.4006e-16
7926.200 6.5146e-16
7927.725 6.5486e-16
7929.250 6.6026e-16
7930.775 6.8973e-16
7932.300 6.6978e-16
7933.825 6.3801e-16
7935.350 6.3649e-16
7936.875 6.3554e-16
7938.400 6.302e-16
7939.925 6.2343e-16
7941.450 6.1835e-16
7942.975 6.3718e-16
7944.500 6.6508e-16
7946.025 6.7761e-16
7947.550 6.7039e-16
7949.075 6.3865e-16
7950.600 6.132e-16
7952.125 6.2592e-16
7953.650 6.4598e-16
7955.175 6.5386e-16
7956.700 6.4744e-16
7958.225 6.4263e-16
7959.750 6.3989e-16
7961.275 6.3616e-16
7962.800 6.4109e-16
7964.325 6.365e-16
7965.850 6.377e-16
7967.375 6.389e-16
7968.900 6.3376e-16
7970.425 6.3355e-16
7971.950 6.277e-16
7973.475 6.1e-16
7975.000 6.0034e-16
7976.525 6.1688e-16
7978.050 6.3007e-16
7979.575 6.3156e-16
7981.100 6.3014e-16
7982.625 6.1962e-16
7984.150 6.0083e-16
7985.675 6.2515e-16
7987.200 6.4638e-16
7988.725 6.3987e-16
7990.250 6.4501e-16
7991.775 6.1474e-16
7993.300 5.6995e-16
7994.825 5.9132e-16
7996.350 6.0602e-16
7997.875 5.9748e-16
7999.400 5.885e-16
8000.925 5.9389e-16
8002.450 6.0161e-16
8003.975 5.7518e-16
8005.500 5.6973e-16
8007.025 5.8494e-16
8008.550 5.7387e-16
8010.075 5.578e-16
8011.600 5.5422e-16
8013.125 5.6289e-16
8014.650 5.779e-16
8016.175 5.6593e-16
8017.700 5.6403e-16
8019.225 5.7682e-16
8020.750 5.6342e-16
8022.275 5.712e-16
8023.800 5.7199e-16
8025.325 5.5277e-16
8026.850 5.3606e-16
8028.375 5.2145e-16
8029.900 5.2268e-16
8031.425 5.2661e-16
8032.950 5.1569e-16
8034.475 5.1171e-16
8036.000 5.0182e-16
8037.525 5.1042e-16
8039.050 5.2196e-16
8040.575 5.1906e-16
8042.100 5.2516e-16
8043.625 5.1608e-16
8045.150 5.0899e-16
8046.675 5.1893e-16
8048.200 5.1664e-16
8049.725 5.0935e-16
8051.250 5.0367e-16
8052.775 5.1295e-16
8054.300 5.2463e-16
8055.825 5.2083e-16
8057.350 5.2057e-16
8058.875 5.2524e-16
8060.400 5.0488e-16
8061.925 4.9025e-16
8063.450 4.9122e-16
8064.975 4.9185e-16
8066.500 5.0172e-16
8068.025 4.9605e-16
8069.550 4.8135e-16
8071.075 4.799e-16
8072.600 4.853e-16
8074.125 4.8312e-16
8075.650 4.732e-16
8077.175 4.6658e-16
8078.700 4.7198e-16
8080.225 4.7452e-16
8081.750 4.797e-16
8083.275 4.7988e-16
8084.800 4.5687e-16
8086.325 4.3446e-16
8087.850 4.3549e-16
8089.375 4.4202e-16
8090.900 4.1658e-16
8092.425 4.0798e-16
8093.950 4.0481e-16
8095.475 3.947e-16
8097.000 3.8282e-16
8098.525 3.7311e-16
8100.050 3.7504e-16
8101.575 3.7183e-16
8103.100 3.547e-16
8104.625 3.3607e-16
8106.150 3.3475e-16
8107.675 3.2645e-16
8109.200 3.0998e-16
8110.725 3.0145e-16
8112.250 2.9488e-16
8113.775 2.8389e-16
8115.300 2.701e-16
8116.825 2.6429e-16
8118.350 2.5313e-16
8119.875 2.5203e-16
8121.400 2.4814e-16
8122.925 2.3097e-16
8124.450 2.0653e-16
8125.975 2.0038e-16
8127.500 1.9664e-16
8129.025 1.9602e-16
8130.550 1.871e-16
8132.075 1.7276e-16
8133.600 1.6095e-16
8135.125 1.5212e-16
8136.650 1.4703e-16
8138.175 1.5946e-16
8139.700 1.5788e-16
8141.225 1.4027e-16
8142.750 1.381e-16
8144.275 1.3758e-16
8145.800 1.355e-16
8147.325 1.2875e-16
8148.850 1.171e-16
8150.375 1.0773e-16
8151.900 1.0209e-16
8153.425 9.8996e-17
8154.950 9.7434e-17
8156.475 8.8803e-17
8158.000 8.807e-17
8159.525 8.676e-17
8161.050 7.9584e-17
8162.575 7.2906e-17
8164.100 7.7958e-17
8165.625 7.0147e-17
8167.150 7.6747e-17
8168.675 7.0557e-17
8170.200 6.5037e-17
8171.725 6.9917e-17
8173.250 7.1866e-17
8174.775 7.5829e-17
8176.300 8.5953e-17
8177.825 7.3524e-17
8179.350 5.1529e-17
8180.875 5.0473e-17
8182.400 5.8347e-17
8183.925 6.3075e-17
8185.450 5.7973e-17
8186.975 4.3459e-17
8188.500 4.0307e-17
8190.025 4.4802e-17
8191.550 3.2604e-17
8193.075 3.4077e-17
8194.600 4.2674e-17
8196.125 3.7033e-17
8197.650 4.5487e-17
8199.175 4.8513e-17
8200.700 4.7872e-17
8202.225 5.2938e-17
8203.750 4.2199e-17
8205.275 3.6996e-17
8206.800 4.7327e-17
8208.325 5.4275e-17
8209.850 5.636e-17
8211.375 5.1754e-17
8212.900 3.8956e-17
8214.425 3.5961e-17
8215.950 2.9545e-17
8217.475 2.6808e-17
8219.000 3.3336e-17
8220.525 4.1842e-17
8222.050 4.1399e-17
8223.575 4.6944e-17
8225.100 4.3604e-17
8226.625 4.1115e-17
8228.150 4.3256e-17
8229.675 4.0197e-17
8231.200 4.075e-17
8232.725 4.0473e-17
8234.250 3.7304e-17
8235.775 3.6899e-17
8237.300 4.0581e-17
8238.825 3.5054e-17
8240.350 3.7172e-17
8241.875 3.9859e-17
8243.400 4.2641e-17
8244.925 4.2853e-17
8246.450 4.2101e-17
8247.975 3.4991e-17
8249.500 3.1513e-17
8251.025 3.4739e-17
8252.550 3.071e-17
8254.075 2.9914e-17
8255.600 3.2259e-17
8257.125 3.8914e-17
8258.650 3.0362e-17
8260.175 2.1126e-17
8261.700 2.9787e-17
8263.225 2.9332e-17
8264.750 2.7597e-17
8266.275 3.8002e-17
8267.800 3.8065e-17
8269.325 4.6253e-17
8270.850 4.8035e-17
8272.375 3.2615e-17
8273.900 3.3385e-17
8275.425 3.417e-17
8276.950 3.1729e-17
8278.475 3.8059e-17
8280.000 3.5659e-17
8281.525 3.4565e-17
8283.050 3.263e-17
8284.575 2.154e-17
8286.100 3.1336e-17
8287.625 3.9768e-17
8289.150 2.7692e-17
8290.675 2.2396e-17
8292.200 2.8457e-17
8293.725 3.6988e-17
8295.250 4.1296e-17
8296.775 3.2077e-17
8298.300 2.4492e-17
8299.825 3.335e-17
8301.350 3.6599e-17
8302.875 2.5942e-17
8304.400 2.0465e-17
8305.925 1.8427e-17
8307.450 2.2335e-17
8308.975 3.5404e-17
8310.500 3.9486e-17
8312.025 3.2254e-17
8313.550 3.0266e-17
8315.075 3.6233e-17
8316.600 3.5911e-17
8318.125 3.1185e-17
8319.650 2.6876e-17
8321.175 2.2813e-17
8322.700 2.8088e-17
8324.225 3.72e-17
8325.750 3.2218e-17
8327.275 3.0234e-17
8328.800 3.3093e-17
8330.325 3.5322e-17
8331.850 3.148e-17
8333.375 3.0217e-17
8334.900 3.0455e-17
8336.425 3.2902e-17
8337.950 2.9903e-17
8339.475 3.9851e-17
8341.000 5.5277e-17
8342.525 5.0011e-17
8344.050 4.4032e-17
8345.575 4.6409e-17
8347.100 3.7375e-17
8348.625 3.0944e-17
8350.150 4.864e-17
8351.675 5.2814e-17
8353.200 3.918e-17
8354.725 4.4578e-17
8356.250 5.147e-17
8357.775 4.3696e-17
8359.300 3.6218e-17
8360.825 4.2468e-17
8362.350 5.6621e-17
8363.875 5.027e-17
8365.400 4.756e-17
8366.925 5.1895e-17
8368.450 5.0028e-17
8369.975 4.7358e-17
8371.500 4.8272e-17
8373.025 5.8183e-17
8374.550 5.5604e-17
8376.075 5.2038e-17
8377.600 5.176e-17
8379.125 6.1013e-17
8380.650 6.8291e-17
8382.175 7.1478e-17
8383.700 6.9553e-17
8385.225 6.5703e-17
8386.750 6.4544e-17
8388.275 6.8304e-17
8389.800 6.4609e-17
8391.325 6.2871e-17
8392.850 7.1792e-17
8394.375 7.5164e-17
8395.900 7.8669e-17
8397.425 8.5368e-17
8398.950 8.171e-17
8400.475 7.2159e-17
8402.000 7.0089e-17
8403.525 6.5895e-17
8405.050 6.4369e-17
8406.575 7.4953e-17
8408.100 8.4473e-17
8409.625 8.0215e-17
8411.150 7.7371e-17
8412.675 8.3073e-17
8414.200 8.0368e-17
8415.725 8.7826e-17
8417.250 9.5132e-17
8418.775 8.6665e-17
8420.300 8.2477e-17
8421.825 8.914e-17
8423.350 1.0388e-16
8424.875 9.6435e-17
8426.400 7.6446e-17
8427.925 7.5368e-17
8429.450 9.4139e-17
8430.975 1.0947e-16
8432.500 1.0638e-16
8434.025 1.0626e-16
8435.550 1.0713e-16
8437.075 1.0904e-16
8438.600 1.0051e-16
8440.125 9.0316e-17
8441.650 1.0234e-16
8443.175 1.1075e-16
8444.700 1.17e-16
8446.225 1.2751e-16
8447.750 1.2837e-16
8449.275 1.2501e-16
8450.800 1.2284e-16
8452.325 1.3522e-16
8453.850 1.4077e-16
8455.375 1.3431e-16
8456.900 1.3737e-16
8458.425 1.5151e-16
8459.950 1.5331e-16
8461.475 1.515e-16
8463.000 1.5277e-16
8464.525 1.5574e-16
8466.050 1.5465e-16
8467.575 1.4492e-16
8469.100 1.5113e-16
8470.625 1.51e-16
8472.150 1.588e-16
8473.675 1.7028e-16
8475.200 1.6839e-16
8476.725 1.7547e-16
8478.250 1.7886e-16
8479.775 1.7303e-16
8481.300 1.8394e-16
8482.825 1.9495e-16
8484.350 1.9763e-16
8485.875 2.0666e-16
8487.400 2.0446e-16
8488.925 2.0276e-16
8490.450 2.1256e-16
8491.975 2.118e-16
8493.500 2.053e-16
8495.025 2.1236e-16
8496.550 2.2873e-16
8498.075 2.3832e-16
8499.600 2.4519e-16
8501.125 2.4869e-16
8502.650 2.4478e-16
8504.175 2.5204e-16
8505.700 2.5095e-16
8507.225 2.4329e-16
8508.750 2.5011e-16
8510.275 2.6361e-16
8511.800 2.6882e-16
8513.325 2.7136e-16
8514.850 2.84e-16
8516.375 2.9389e-16
8517.900 2.9339e-16
8519.425 2.9611e-16
8520.950 3.0837e-16
8522.475 3.1523e-16
8524.000 3.0468e-16
8525.525 3.0158e-16
8527.050 3.0983e-16
8528.575 3.1294e-16
8530.100 3.1634e-16
8531.625 3.2068e-16
8533.150 3.2907e-16
8534.675 3.3282e-16
8536.200 3.5091e-16
8537.725 3.877e-16
8539.250 3.9177e-16
8540.775 3.8458e-16
8542.300 3.9837e-16
8543.825 4.0447e-16
8545.350 4.0502e-16
8546.875 4.191e-16
8548.400 4.2811e-16
8549.925 4.2285e-16
8551.450 4.2147e-16
8552.975 4.3982e-16
8554.500 4.7191e-16
8556.025 4.6607e-16
8557.550 4.5119e-16
8559.075 4.6776e-16
8560.600 4.8632e-16
8562.125 4.8649e-16
8563.650 4.8192e-16
8565.175 5.0415e-16
8566.700 5.1225e-16
8568.225 5.1456e-16
8569.750 5.3307e-16
8571.275 5.3471e-16
8572.800 5.5058e-16
8574.325 5.7436e-16
8575.850 5.7103e-16
8577.375 5.6794e-16
8578.900 5.736e-16
8580.425 5.7924e-16
8581.950 5.6788e-16
8583.475 5.7114e-16
8585.000 5.9491e-16
8586.525 5.9797e-16
8588.050 5.948e-16
8589.575 6.0659e-16
8591.100 6.2753e-16
8592.625 6.2617e-16
8594.150 6.2269e-16
8595.675 6.2281e-16
8597.200 6.4342e-16
8598.725 6.5574e-16
8600.250 6.5461e-16
8601.775 6.539e-16
8603.300 6.6215e-16
8604.825 6.6679e-16
8606.350 6.7801e-16
8607.875 6.8476e-16
8609.400 6.733e-16
8610.925 6.9079e-16
8612.450 7.1458e-16
8613.975 7.0859e-16
8615.500 6.9758e-16
8617.025 7.1336e-16
8618.550 6.9695e-16
8620.075 6.974e-16
8621.600 7.0888e-16
8623.125 7.1304e-16
8624.650 7.2656e-16
8626.175 7.4068e-16
8627.700 7.3906e-16
8629.225 7.1979e-16
8630.750 7.3746e-16
8632.275 7.4751e-16
8633.800 7.4683e-16
8635.325 7.6292e-16
8636.850 7.6141e-16
8638.375 7.5981e-16
8639.900 7.5265e-16
8641.425 7.5241e-16
8642.950 7.8263e-16
8644.475 8.0556e-16
8646.000 7.7905e-16
8647.525 7.5299e-16
8649.050 7.5815e-16
8650.575 7.8256e-16
8652.100 7.9462e-16
8653.625 7.9692e-16
8655.150 8.0802e-16
8656.675 8.2286e-16
8658.200 8.0958e-16
8659.725 8.2819e-16
8661.250 8.4974e-16
8662.775 8.6235e-16
8664.300 8.561e-16
8665.825 8.5143e-16
8667.350 8.4495e-16
8668.875 8.5098e-16
8670.400 8.4412e-16
8671.925 8.4707e-16
8673.450 8.378e-16
8674.975 8.139e-16
8676.500 8.2346e-16
8678.025 8.68e-16
8679.550 8.7306e-16
8681.075 8.6733e-16
8682.600 8.8696e-16
8684.125 8.9364e-16
8685.650 8.5547e-16
8687.175 8.5254e-16
8688.700 8.8456e-16
8690.225 8.9204e-16
8691.750 8.7061e-16
8693.275 8.5897e-16
8694.800 8.6557e-16
8696.325 8.6296e-16
8697.850 8.4521e-16
8699.375 8.6157e-16
8700.900 8.7735e-16
8702.425 8.6797e-16
8703.950 8.9622e-16
8705.475 9.2209e-16
8707.000 8.9396e-16
8708.525 8.8006e-16
8710.050 8.9221e-16
8711.575 8.9879e-16
8713.100 8.8133e-16
8714.625 8.9627e-16
8716.150 9.0685e-16
8717.675 8.8648e-16
8719.200 8.8501e-16
8720.725 8.9103e-16
8722.250 8.9618e-16
8723.775 9.0921e-16
8725.300 9.0369e-16
8726.825 9.1534e-16
8728.350 9.3098e-16
8729.875 9.0894e-16
8731.400 9.0378e-16
8732.925 9.2345e-16
8734.450 9.198e-16
8735.975 9.0943e-16
8737.500 9.1357e-16
8739.025 9.2214e-16
8740.550 9.327e-16
8742.075 9.3492e-16
8743.600 9.3502e-16
8745.125 9.3152e-16
8746.650 9.1354e-16
8748.175 9.0656e-16
8749.700 9.2675e-16
8751.225 9.3508e-16
8752.750 9.3908e-16
8754.275 9.3191e-16
8755.800 9.2811e-16
8757.325 9.6266e-16
8758.850 9.7032e-16
8760.375 9.3656e-16
8761.900 9.442e-16
8763.425 9.6186e-16
8764.950 9.4476e-16
8766.475 9.4528e-16
8768.000 9.7359e-16
8769.525 9.7676e-16
8771.050 9.6162e-16
8772.575 9.5609e-16
8774.100 9.6894e-16
8775.625 9.7817e-16
8777.150 9.6385e-16
8778.675 9.5952e-16
8780.200 9.6453e-16
8781.725 9.4736e-16
8783.250 9.4976e-16
8784.775 9.4793e-16
8786.300 9.3415e-16
8787.825 9.3185e-16
8789.350 9.3674e-16
8790.875 9.5175e-16
8792.400 9.458e-16
8793.925 9.4944e-16
8795.450 9.4832e-16
8796.975 9.5635e-16
8798.500 9.6371e-16
8800.025 9.5976e-16
8801.550 9.5777e-16
8803.075 9.7326e-16
8804.600 9.816e-16
8806.125 9.6868e-16
8807.650 9.5671e-16
8809.175 9.5552e-16
8810.700 9.5626e-16
8812.225 9.5241e-16
8813.750 9.351e-16
8815.275 9.5125e-16
8816.800 9.4903e-16
8818.325 9.4519e-16
8819.850 9.6096e-16
8821.375 9.5487e-16
8822.900 9.2456e-16
8824.425 9.2721e-16
8825.950 9.3371e-16
8827.475 9.2544e-16
8829.000 9.281e-16
8830.525 9.3697e-16
8832.050 9.4088e-16
8833.575 9.3635e-16
8835.100 9.1924e-16
8836.625 8.97e-16
8838.150 8.9424e-16
8839.675 9.0254e-16
8841.200 9.019e-16
8842.725 9.0295e-16
8844.250 9.0994e-16
8845.775 9.101e-16
8847.300 8.9431e-16
8848.825 8.7311e-16
8850.350 8.7221e-16
8851.875 8.7458e-16
8853.400 8.7425e-16
8854.925 8.8416e-16
8856.450 8.8711e-16
8857.975 8.8055e-16
8859.500 8.7356e-16
8861.025 8.7061e-16
8862.550 8.6567e-16
8864.075 8.7815e-16
8865.600 8.7533e-16
8867.125 8.3866e-16
8868.650 8.3298e-16
8870.175 8.4234e-16
8871.700 8.4935e-16
8873.225 8.5423e-16
8874.750 8.5775e-16
8876.275 8.3797e-16
8877.800 8.4365e-16
8879.325 8.4939e-16
8880.850 8.5845e-16
8882.375 8.7872e-16
8883.900 8.5047e-16
8885.425 8.2319e-16
8886.950 8.1212e-16
8888.475 8.1147e-16
8890.000 7.9654e-16
8891.525 7.8443e-16
8893.050 8.1378e-16
8894.575 8.1974e-16
8896.100 8.1265e-16
8897.625 8.2101e-16
8899.150 8.2977e-16
8900.675 8.0587e-16
8902.200 8.1813e-16
8903.725 8.2003e-16
8905.250 7.9155e-16
8906.775 7.8532e-16
8908.300 8.0577e-16
8909.825 7.9373e-16
8911.350 7.8044e-16
8912.875 7.8442e-16
8914.400 7.8091e-16
8915.925 7.8799e-16
8917.450 7.8664e-16
8918.975 7.6507e-16
8920.500 7.5457e-16
8922.025 7.5509e-16
8923.550 7.5282e-16
8925.075 7.4978e-16
8926.600 7.4927e-16
8928.125 7.4018e-16
8929.650 7.362e-16
8931.175 7.3383e-16
8932.700 7.2334e-16
8934.225 7.3017e-16
8935.750 7.4594e-16
8937.275 7.3414e-16
8938.800 7.2161e-16
8940.325 7.3177e-16
8941.850 7.1876e-16
8943.375 6.7977e-16
8944.900 6.7796e-16
8946.425 7.0604e-16
8947.950 7.128e-16
8949.475 6.9854e-16
8951.000 7.064e-16
8952.525 7.1201e-16
8954.050 6.8042e-16
8955.575 6.7537e-16
8957.100 6.7638e-16
8958.625 6.7749e-16
8960.150 6.7293e-16
8961.675 6.6037e-16
8963.200 6.549e-16
8964.725 6.6788e-16
8966.250 6.6319e-16
8967.775 6.5442e-16
8969.300 6.4675e-16
8970.825 6.3679e-16
8972.350 6.5111e-16
8973.875 6.5715e-16
8975.400 6.5229e-16
8976.925 6.3714e-16
8978.450 6.142e-16
8979.975 6.2086e-16
8981.500 6.2902e-16
8983.025 6.2757e-16
8984.550 6.1577e-16
8986.075 6.1304e-16
8987.600 5.9648e-16
8989.125 5.8563e-16
8990.650 6.0156e-16
8992.175 6.1393e-16
8993.700 6.2868e-16
8995.225 6.2857e-16
8996.750 6.2863e-16
8998.275 6.0703e-16
8999.800 5.9631e-16
9001.325 5.8406e-16
9002.850 5.6496e-16
9004.375 5.701e-16
9005.900 5.6108e-16
9007.425 5.6191e-16
9008.950 5.7479e-16
9010.475 5.6862e-16
9012.000 5.6781e-16
9013.525 5.5632e-16
9015.050 5.4203e-16
9016.575 5.5528e-16
9018.100 5.6759e-16
9019.625 5.6277e-16
9021.150 5.4523e-16
9022.675 5.2076e-16
9024.200 5.1976e-16
9025.725 5.2869e-16
9027.250 5.1981e-16
9028.775 5.1371e-16
9030.300 5.2398e-16
9031.825 5.2104e-16
9033.350 5.1129e-16
9034.875 5.0058e-16
9036.400 5.0095e-16
9037.925 5.0053e-16
9039.450 4.9174e-16
9040.975 4.8468e-16
9042.500 4.7602e-16
9044.025 4.6788e-16
9045.550 4.5853e-16
9047.075 4.6498e-16
9048.600 4.7707e-16
9050.125 4.7562e-16
9051.650 4.7258e-16
9053.175 4.7525e-16
9054.700 4.7309e-16
9056.225 4.6682e-16
9057.750 4.7024e-16
9059.275 4.574e-16
9060.800 4.4372e-16
9062.325 4.5921e-16
9063.850 4.7126e-16
9065.375 4.5922e-16
9066.900 4.5432e-16
9068.425 4.6215e-16
9069.950 4.6307e-16
9071.475 4.567e-16
9073.000 4.658e-16
9074.525 4.6846e-16
9076.050 4.4968e-16
9077.575 4.3818e-16
9079.100 4.39e-16
9080.625 4.4989e-16
9082.150 4.5922e-16
9083.675 4.5375e-16
9085.200 4.3911e-16
9086.725 4.2947e-16
9088.250 4.2826e-16
9089.775 4.3412e-16
9091.300 4.4376e-16
9092.825 4.361e-16
9094.350 4.4668e-16
9095.875 4.3527e-16
9097.400 4.2613e-16
9098.925 4.2335e-16
9100.450 4.2679e-16
9101.975 4.3333e-16
9103.500 4.1341e-16
9105.025 3.9905e-16
9106.550 4.0662e-16
9108.075 4.2412e-16
9109.600 4.1635e-16
9111.125 3.9374e-16
9112.650 3.9545e-16
9114.175 3.9983e-16
9115.700 4.0783e-16
9117.225 4.0053e-16
9118.750 4.1333e-16
9120.275 4.2126e-16
9121.800 4.1485e-16
9123.325 4.152e-16
9124.850 4.2113e-16
9126.375 4.0575e-16
9127.900 4.0688e-16
9129.425 4.2262e-16
9130.950 4.1204e-16
9132.475 4.0631e-16
9134.000 4.042e-16
9135.525 3.9793e-16
9137.050 4.0523e-16
9138.575 4.0673e-16
9140.100 3.9873e-16
9141.625 4.0217e-16
9143.150 4.1168e-16
9144.675 4.1417e-16
9146.200 4.0701e-16
9147.725 4.097e-16
9149.250 4.1951e-16
9150.775 4.1528e-16
9152.300 4.222e-16
9153.825 4.3972e-16
9155.350 4.409e-16
9156.875 4.3188e-16
9158.400 4.3008e-16
9159.925 4.2434e-16
9161.450 4.1676e-16
9162.975 4.2447e-16
9164.500 4.3233e-16
9166.025 4.381e-16
9167.550 4.3996e-16
9169.075 4.3198e-16
9170.600 4.3272e-16
9172.125 4.4338e-16
9173.650 4.3634e-16
9175.175 4.2833e-16
9176.700 4.5095e-16
9178.225 4.4839e-16
9179.750 4.4062e-16
9181.275 4.4492e-16
9182.800 4.4711e-16
9184.325 4.3629e-16
9185.850 4.3777e-16
9187.375 4.4482e-16
9188.900 4.2976e-16
9190.425 4.3124e-16
9191.950 4.2607e-16
9193.475 4.3594e-16
9195.000 4.4615e-16
9196.525 4.4225e-16
9198.050 4.3699e-16
9199.575 4.4523e-16
9201.100 4.6714e-16
9202.625 4.7014e-16
9204.150 4.5769e-16
9205.675 4.4621e-16
9207.200 4.6274e-16
9208.725 4.7329e-16
9210.250 4.6814e-16
9211.775 4.6003e-16
9213.300 4.5797e-16
9214.825 4.6167e-16
9216.350 4.6804e-16
9217.875 4.7823e-16
9219.400 4.6647e-16
9220.925 4.6312e-16
9222.450 4.5205e-16
9223.975 4.5252e-16
9225.500 4.6474e-16
9227.025 4.5872e-16
9228.550 4.6263e-16
9230.075 4.8059e-16
9231.600 4.8463e-16
9233.125 4.8022e-16
9234.650 4.756e-16
9236.175 4.5978e-16
9237.700 4.5605e-16
9239.225 4.7145e-16
9240.750 4.6614e-16
9242.275 4.7088e-16
9243.800 4.939e-16
9245.325 4.8743e-16
9246.850 4.8624e-16
9248.375 5.0058e-16
9249.900 4.9864e-16
9251.425 5.0066e-16
9252.950 5.0652e-16
9254.475 4.9152e-16
9256.000 4.7516e-16
9257.525 4.6405e-16
9259.050 4.5715e-16
9260.575 4.7419e-16
9262.100 4.8876e-16
9263.625 4.9464e-16
9265.150 4.8966e-16
9266.675 4.8044e-16
9268.200 4.8021e-16
9269.725 4.8718e-16
9271.250 4.7598e-16
9272.775 4.6486e-16
9274.300 4.7584e-16
9275.825 4.8141e-16
9277.350 5.0193e-16
9278.875 5.0908e-16
9280.400 4.9504e-16
9281.925 4.7806e-16
9283.450 4.8378e-16
9284.975 4.931e-16
9286.500 4.8973e-16
9288.025 4.8561e-16
9289.550 4.9858e-16
9291.075 5.0914e-16
9292.600 5.0161e-16
9294.125 4.9543e-16
9295.650 4.941e-16
9297.175 4.9618e-16
9298.700 4.8801e-16
9300.225 5.0461e-16
9301.750 5.4874e-16
9303.275 5.5283e-16
9304.800 5.1043e-16
9306.325 4.6001e-16
9307.850 4.6849e-16
9309.375 5.2207e-16
9310.900 5.378e-16
9312.425 5.2607e-16
9313.950 5.0078e-16
9315.475 4.8889e-16
9317.000 5.3039e-16
9318.525 5.5742e-16
9320.050 5.0694e-16
9321.575 4.7831e-16
9323.100 4.7913e-16
9324.625 5.0787e-16
9326.150 5.1767e-16
9327.675 5.0976e-16
9329.200 5.0393e-16
9330.725 5.0233e-16
9332.250 5.3676e-16
9333.775 5.4235e-16
9335.300 5.1266e-16
9336.825 5.0775e-16
9338.350 5.3226e-16
9339.875 5.1255e-16
9341.400 4.7437e-16
9342.925 4.5526e-16
9344.450 4.6802e-16
9345.975 5.2545e-16
9347.500 5.4165e-16
9349.025 5.0438e-16
9350.550 4.7086e-16
9352.075 4.6248e-16
9353.600 4.6706e-16
9355.125 4.7142e-16
9356.650 4.8359e-16
9358.175 4.9285e-16
9359.700 4.8468e-16
9361.225 4.5887e-16
9362.750 4.6696e-16
9364.275 4.9913e-16
9365.800 4.8961e-16
9367.325 4.3747e-16
9368.850 4.553e-16
9370.375 5.0722e-16
9371.900 4.7426e-16
9373.425 4.4734e-16
9374.950 4.3213e-16
9376.475 4.1499e-16
9378.000 4.1058e-16
9379.525 4.3467e-16
9381.050 4.553e-16
9382.575 4.4358e-16
9384.100 4.1734e-16
9385.625 4.2738e-16
9387.150 4.4376e-16
9388.675 4.1643e-16
9390.200 4.0763e-16
9391.725 4.1862e-16
9393.250 4.1783e-16
9394.775 4.1649e-16
9396.300 4.2808e-16
9397.825 4.1111e-16
9399.350 4.021e-16
9400.875 4.1055e-16
9402.400 4.1193e-16
9403.925 4.2947e-16
9405.450 4.1769e-16
9406.975 3.9647e-16
9408.500 3.8797e-16
9410.025 3.8743e-16
9411.550 4.0612e-16
9413.075 4.045e-16
9414.600 3.9157e-16
9416.125 3.8453e-16
9417.650 3.8135e-16
9419.175 3.9461e-16
9420.700 4.1054e-16
9422.225 4.152e-16
9423.750 3.8813e-16
9425.275 3.5552e-16
9426.800 3.561e-16
9428.325 3.7809e-16
9429.850 3.9901e-16
9431.375 4.1755e-16
9432.900 4.2651e-16
9434.425 4.0833e-16
9435.950 3.9731e-16
9437.475 3.7928e-16
9439.000 3.7452e-16
9440.525 3.9973e-16
9442.050 4.0934e-16
9443.575 4.084e-16
9445.100 4.0189e-16
9446.625 4.0197e-16
9448.150 4.0134e-16
9449.675 3.8568e-16
9451.200 3.9421e-16
9452.725 4.0263e-16
9454.250 3.9711e-16
9455.775 3.9065e-16
9457.300 3.6815e-16
9458.825 3.7195e-16
9460.350 3.7702e-16
9461.875 3.8993e-16
9463.400 4.0482e-16
9464.925 3.9416e-16
9466.450 3.8823e-16
9467.975 3.8788e-16
9469.500 3.9176e-16
9471.025 4.087e-16
9472.550 3.8752e-16
9474.075 3.6405e-16
9475.600 3.8524e-16
9477.125 3.8093e-16
9478.650 3.4888e-16
9480.175 3.4155e-16
9481.700 3.7776e-16
9483.225 3.8505e-16
9484.750 3.7936e-16
9486.275 4.0093e-16
9487.800 3.9688e-16
9489.325 3.8753e-16
9490.850 3.7115e-16
9492.375 3.6595e-16
9493.900 3.7539e-16
9495.425 3.8557e-16
9496.950 3.7692e-16
9498.475 3.9947e-16
9500.000 3.9086e-16
9501.525 3.7733e-16
9503.050 3.7639e-16
9504.575 3.781e-16
9506.100 3.7524e-16
9507.625 3.742e-16
9509.150 3.7309e-16
9510.675 3.7209e-16
9512.200 3.798e-16
9513.725 3.8322e-16
9515.250 3.9577e-16
9516.775 4.1544e-16
9518.300 4.0138e-16
9519.825 3.7698e-16
9521.350 3.6891e-16
9522.875 3.7434e-16
9524.400 3.8495e-16
9525.925 3.9439e-16
9527.450 3.948e-16
9528.975 3.94e-16
9530.500 4.0226e-16
9532.025 4.0585e-16
9533.550 3.917e-16
9535.075 3.8908e-16
9536.600 4.0409e-16
9538.125 4.0275e-16
9539.650 3.8962e-16
9541.175 3.8322e-16
9542.700 3.9031e-16
9544.225 4.0022e-16
9545.750 3.9851e-16
9547.275 3.9719e-16
9548.800 3.9727e-16
9550.325 3.8955e-16
9551.850 3.8119e-16
9553.375 3.835e-16
9554.900 3.8618e-16
9556.425 3.8629e-16
9557.950 3.8663e-16
9559.475 3.9745e-16
9561.000 4.3013e-16
9562.525 4.3181e-16
9564.050 4.1611e-16
9565.575 4.2989e-16
9567.100 4.1778e-16
9568.625 3.8383e-16
9570.150 3.8217e-16
9571.675 3.9073e-16
9573.200 3.938e-16
9574.725 4.0591e-16
9576.250 4.1564e-16
9577.775 4.0189e-16
9579.300 3.9562e-16
9580.825 4.0464e-16
9582.350 4.1649e-16
9583.875 4.2455e-16
9585.400 4.0943e-16
9586.925 4.0129e-16
9588.450 4.0158e-16
9589.975 4.0908e-16
9591.500 3.9853e-16
9593.025 4.0945e-16
9594.550 4.2355e-16
9596.075 4.1308e-16
9597.600 4.0034e-16
9599.125 4.086e-16
9600.650 4.326e-16
9602.175 4.4552e-16
9603.700 4.1922e-16
9605.225 3.9385e-16
9606.750 4.1213e-16
9608.275 4.1473e-16
9609.800 4.1572e-16
9611.325 4.1392e-16
9612.850 4.2095e-16
9614.375 4.4507e-16
9615.900 4.2718e-16
9617.425 3.8831e-16
9618.950 3.8502e-16
9620.475 4.1301e-16
9622.000 4.2269e-16
9623.525 4.2655e-16
9625.050 4.3504e-16
9626.575 4.2612e-16
9628.100 4.1173e-16
9629.625 4.0841e-16
9631.150 4.2651e-16
9632.675 4.2603e-16
9634.200 4.1253e-16
9635.725 4.1094e-16
9637.250 4.1761e-16
9638.775 4.2412e-16
9640.300 4.2298e-16
9641.825 4.2309e-16
9643.350 4.2367e-16
9644.875 4.4046e-16
9646.400 4.6053e-16
9647.925 4.5777e-16
9649.450 4.2896e-16
9650.975 4.1809e-16
9652.500 4.4069e-16
9654.025 4.4181e-16
9655.550 4.3575e-16
9657.075 4.4278e-16
9658.600 4.2731e-16
9660.125 4.0346e-16
9661.650 4.1032e-16
9663.175 4.4145e-16
9664.700 4.4689e-16
9666.225 4.264e-16
9667.750 4.1499e-16
9669.275 4.0375e-16
9670.800 4.0348e-16
9672.325 4.2148e-16
9673.850 4.3717e-16
9675.375 4.1732e-16
9676.900 3.9878e-16
9678.425 4.1376e-16
9679.950 4.0219e-16
9681.475 4.0876e-16
9683.000 4.1601e-16
9684.525 3.9825e-16
9686.050 4.0043e-16
9687.575 4.0708e-16
9689.100 3.9865e-16
9690.625 3.9533e-16
9692.150 3.8585e-16
9693.675 3.7011e-16
9695.200 3.8186e-16
9696.725 3.8525e-16
9698.250 3.7191e-16
9699.775 3.7737e-16
9701.300 3.8197e-16
9702.825 3.656e-16
9704.350 3.6726e-16
9705.875 3.8041e-16
9707.400 3.7583e-16
9708.925 3.6991e-16
9710.450 3.5584e-16
9711.975 3.7359e-16
9713.500 4.145e-16
9715.025 3.9799e-16
9716.550 3.8086e-16
9718.075 3.8552e-16
9719.600 3.5823e-16
9721.125 3.6664e-16
9722.650 3.8802e-16
9724.175 3.7975e-16
9725.700 3.5973e-16
9727.225 3.7895e-16
9728.750 3.8806e-16
9730.275 3.6817e-16
9731.800 3.7412e-16
9733.325 3.6796e-16
9734.850 3.2792e-16
9736.375 3.288e-16
9737.900 3.5001e-16
9739.425 3.5398e-16
9740.950 3.5035e-16
9742.475 3.6215e-16
9744.000 3.6101e-16
9745.525 3.4386e-16
9747.050 3.3549e-16
9748.575 3.3365e-16
9750.100 3.3328e-16
9751.625 3.438e-16
9753.150 3.4939e-16
9754.675 3.3815e-16
9756.200 3.2937e-16
9757.725 3.2835e-16
9759.250 3.3242e-16
9760.775 3.2665e-16
9762.300 3.3001e-16
9763.825 3.3537e-16
9765.350 3.2352e-16
9766.875 3.1939e-16
9768.400 3.2128e-16
9769.925 3.3748e-16
9771.450 3.3548e-16
9772.975 3.2294e-16
9774.500 3.3373e-16
9776.025 3.4287e-16
9777.550 3.3051e-16
9779.075 3.3884e-16
9780.600 3.3773e-16
9782.125 3.2778e-16
9783.650 3.4631e-16
9785.175 3.5993e-16
9786.700 3.3959e-16
9788.225 3.2065e-16
9789.750 3.4463e-16
9791.275 3.718e-16
9792.800 3.6676e-16
9794.325 3.3226e-16
9795.850 2.9519e-16
9797.375 2.9703e-16
9798.900 3.3321e-16
9800.425 3.3371e-16
9801.950 3.215e-16
9803.475 3.3363e-16
9805.000 3.5194e-16
9806.525 3.3559e-16
9808.050 3.342e-16
9809.575 3.4943e-16
9811.100 3.2465e-16
9812.625 3.1815e-16
9814.150 3.1859e-16
9815.675 3.4309e-16
9817.200 3.4267e-16
9818.725 3.3988e-16
9820.250 3.5814e-16
9821.775 3.5255e-16
9823.300 3.5354e-16
9824.825 3.6337e-16
9826.350 3.5151e-16
9827.875 3.481e-16
9829.400 3.6467e-16
9830.925 3.5495e-16
9832.450 3.3583e-16
9833.975 3.2388e-16
9835.500 3.5791e-16
9837.025 3.9094e-16
9838.550 3.7897e-16
9840.075 3.7146e-16
9841.600 3.8418e-16
9843.125 3.8508e-16
9844.650 3.7271e-16
9846.175 3.6796e-16
9847.700 3.6959e-16
9849.225 3.5526e-16
9850.750 3.5206e-16
9852.275 3.5806e-16
9853.800 3.4581e-16
9855.325 3.4934e-16
9856.850 3.7371e-16
9858.375 3.8433e-16
9859.900 4.017e-16
9861.425 4.2184e-16
9862.950 4.0755e-16
9864.475 3.9007e-16
9866.000 3.987e-16
9867.525 4.1355e-16
9869.050 4.023e-16
9870.575 3.7586e-16
9872.100 3.8809e-16
9873.625 4.1428e-16
9875.150 4.0056e-16
9876.675 3.7214e-16
9878.200 3.8314e-16
9879.725 4.0855e-16
9881.250 4.0837e-16
9882.775 4.3118e-16
9884.300 4.4111e-16
9885.825 4.2521e-16
9887.350 4.173e-16
9888.875 4.03e-16
9890.400 4.0261e-16
9891.925 4.1846e-16
9893.450 4.3151e-16
9894.975 4.1939e-16
9896.500 4.1949e-16
9898.025 3.9772e-16
9899.550 4.1134e-16
9901.075 4.2678e-16
9902.600 4.052e-16
9904.125 3.9646e-16
9905.650 4.2983e-16
9907.175 4.4678e-16
9908.700 4.6434e-16
9910.225 4.4596e-16
9911.750 4.03e-16
9913.275 4.0244e-16
9914.800 4.4505e-16
9916.325 4.3843e-16
9917.850 4.1864e-16
9919.375 4.4186e-16
9920.900 4.4909e-16
9922.425 4.3821e-16
9923.950 4.4409e-16
9925.475 4.4436e-16
9927.000 4.2897e-16
9928.525 4.1376e-16
9930.050 4.2447e-16
9931.575 4.2527e-16
9933.100 4.415e-16
9934.625 4.4441e-16
9936.150 4.4539e-16
9937.675 4.2708e-16
9939.200 4.11e-16
9940.725 3.9303e-16
9942.250 3.8527e-16
9943.775 3.9147e-16
9945.300 3.8898e-16
9946.825 4.1439e-16
9948.350 4.2253e-16
9949.875 4.2419e-16
9951.400 4.4365e-16
9952.925 4.3906e-16
9954.450 4.2752e-16
9955.975 4.4132e-16
9957.500 4.5696e-16
9959.025 4.4805e-16
9960.550 4.546e-16
9962.075 4.6737e-16
9963.600 4.5765e-16
9965.125 4.6365e-16
9966.650 4.7416e-16
9968.175 4.8668e-16
9969.700 4.9127e-16
9971.225 4.6045e-16
9972.750 4.3613e-16
9974.275 4.4428e-16
9975.800 4.5162e-16
9977.325 4.6557e-16
9978.850 4.9129e-16
9980.375 4.8109e-16
9981.900 4.6663e-16
9983.425 4.5348e-16
9984.950 4.6491e-16
9986.475 4.6885e-16
9988.000 4.6488e-16
9989.525 4.9725e-16
9991.050 5.0094e-16
9992.575 4.9652e-16
9994.100 4.8718e-16
9995.625 4.7892e-16
9997.150 4.6544e-16
9998.675 4.7481e-16
10000.200 5.0897e-16