FILE JD MJD ISOT FILTER AB_MAG AB_MAG_ERR AB_MAG_LIM AB_FLUX_HZ AB_FLUX_HZ_ERR AB_FLUX_HZ_ERR_STAT AB_FLUX_HZ_ERR_SYS EXPOSURE AB_FNU_mJy AB_FNU_mJy_ERR AB_MAG AB_MAG_ERR_P AB_MAG_ERR_M
HOST 2456075.787 56075.2873 2012-05-28T06:53:40.612 UVW2 21.1074 0.1016 24.739 0.013077 0.0012238 0.0012238 0.00027309 1835.427     
HOST 2456075.791 56075.291 2012-05-28T06:58:59.408 UVM2 21.2683 0.1202 24.5715 0.011319 0.0012526 0.0012526 0.000070666 1835.4706     
HOST 2456075.795 56075.2948 2012-05-28T07:04:27.257 UVW1 20.6655 0.0814 24.5399 0.01963 0.0014726 0.0014726 0.00059446 1924.6874     
maghist_sw00013037001uw1_sk.img 2458847.397 58846.8969 2019-12-29T21:31:33.708 UVW1 17.2003 0.0699 21.0803 0.47753 0.030761 0.030761 0.014461 157.2587 0.4579 0.0308 17.25 0.07067 0.07559
maghist_sw00013037001uuu_sk.img 2458847.398 58846.8984 2019-12-29T21:33:37.734 U 17.1012 0.0679 20.7318 0.52627 0.032897 0.032897 0.0079115 78.5208     
maghist_sw00013037001ubb_sk.img 2458847.399 58846.8993 2019-12-29T21:35:01.910 B 16.8708 0.0682 20.0478 0.6431 0.040368 0.040368 0.0024333 78.5099     
maghist_sw00013037001uw2_sk.img 2458847.402 58846.9017 2019-12-29T21:38:27.222 UVW2 17.6109 0.076 21.8193 0.32742 0.02293 0.02293 0.0068377 314.7346 0.3143 0.02296 17.66 0.07655 0.08236
maghist_sw00013037001uvv_sk.img 2458847.404 58846.9041 2019-12-29T21:41:51.645 V 16.6862 0.0941 19.1287 0.76542 0.066359 0.066359 0.0025504 78.5208     
maghist_sw00013037001um2_sk.img 2458847.407 58846.9066 2019-12-29T21:45:30.217 UVM2 17.3888 0.067 21.5534 0.40329 0.02487 0.02487 0.0025179 343.3695 0.392 0.0249 17.42 0.06687 0.07126
maghist_sw00013037001uw1_sk.img 2458847.461 58846.9607 2019-12-29T23:03:23.077 UVW1 17.3658 0.0731 21.0653 0.41 0.027605 0.027605 0.012416 157.2478 0.3904 0.02764 17.42 0.07429 0.07975
maghist_sw00013037001uuu_sk.img 2458847.462 58846.9621 2019-12-29T23:05:27.126 U 17.1244 0.0682 20.7406 0.51514 0.032336 0.032336 0.0077442 78.5099     
maghist_sw00013037001ubb_sk.img 2458847.463 58846.9631 2019-12-29T23:06:51.649 B 16.8191 0.0669 20.0469 0.67449 0.041581 0.041581 0.0025521 78.5099     
maghist_sw00013037001uw2_sk.img 2458847.465 58846.9655 2019-12-29T23:10:17.055 UVW2 17.6341 0.0763 21.8429 0.32049 0.022529 0.022529 0.006693 314.7237 0.3074 0.02256 17.68 0.0769 0.08276
maghist_sw00013037001uvv_sk.img 2458847.468 58846.9678 2019-12-29T23:13:41.528 V 16.6429 0.0927 19.1296 0.79653 0.068021 0.068021 0.0026541 78.5208     
maghist_sw00013037001um2_sk.img 2458847.469 58846.9692 2019-12-29T23:15:37.633 UVM2 17.595 0.0919 20.7789 0.33353 0.028225 0.028225 0.0020824 142.0345 0.3222 0.02825 17.63 0.09126 0.09964
maghist_sw00013037002uw1_sk.img 2458849.26 58848.7596 2019-12-31T18:13:46.691 UVW1 18.668 0.1135 21.0637 0.12357 0.012915 0.012915 0.003742 155.2752 0.1039 0.013 18.86 0.1279 0.1451
maghist_sw00013037002uuu_sk.img 2458849.261 58848.7608 2019-12-31T18:15:36.373 U 17.9443 0.1032 20.448 0.24209 0.023007 0.023007 0.0036393 51.9273     
maghist_sw00013037002ubb_sk.img 2458849.261 58848.7615 2019-12-31T18:16:33.590 B 17.2611 0.0922 19.7644 0.44893 0.038114 0.038114 0.0016987 51.949     
maghist_sw00013037002uw2_sk.img 2458849.263 58848.7634 2019-12-31T18:19:17.533 UVW2 19.3183 0.1242 21.6119 0.067941 0.0077693 0.0077693 0.0014188 258.6266 0.05486 0.007865 19.55 0.1455 0.168
maghist_sw00013037002uvv_sk.img 2458849.265 58848.7653 2019-12-31T18:22:01.185 V 16.7475 0.1161 18.8212 0.72343 0.077376 0.077376 0.0024105 51.8947     
maghist_sw00013037002um2_sk.img 2458849.268 58848.7681 2019-12-31T18:26:04.251 UVM2 19.1948 0.1079 21.6895 0.076419 0.0075933 0.0075933 0.00047711 418.2742 0.0651 0.007696 19.37 0.1213 0.1366
maghist_sw00013037002uw1_sk.img 2458849.466 58848.9657 2019-12-31T23:10:37.060 UVW1 18.7193 0.1231 20.8963 0.11786 0.013364 0.013364 0.0035693 136.5883 0.09823 0.01344 18.92 0.1393 0.1598
maghist_sw00013037002uuu_sk.img 2458849.467 58848.9668 2019-12-31T23:12:13.578 U 18.1944 0.1252 20.1332 0.19229 0.022166 0.022166 0.0028907 45.0536     
maghist_sw00013037002ubb_sk.img 2458849.467 58848.9674 2019-12-31T23:13:04.694 B 17.3645 0.1063 19.4418 0.40816 0.039962 0.039962 0.0015444 45.0536     
maghist_sw00013037002uw2_sk.img 2458849.469 58848.9691 2019-12-31T23:15:28.458 UVW2 19.429 0.1377 21.4054 0.061359 0.0077818 0.0077818 0.0012814 227.1466 0.04828 0.007877 19.69 0.1641 0.1934
maghist_sw00013037002uvv_sk.img 2458849.471 58848.9707 2019-12-31T23:17:51.241 V 16.8128 0.1382 18.3868 0.68121 0.086711 0.086711 0.0022698 45.0536     
maghist_sw00013037002um2_sk.img 2458849.473 58848.9732 2019-12-31T23:21:27.497 UVM2 19.1299 0.1106 21.5554 0.081129 0.0082673 0.0082673 0.00050652 372.7103 0.06981 0.008362 19.29 0.1228 0.1385
phot_summed_sw00013037003uw1_sk.img 2458850.049 58849.5495 2020-01-01T13:11:16.740 UVW1 18.8554 0.0923 23.188 0.10398 0.0088369 0.0088369 0.0031489 315.4598 0.08435 0.008959 19.08 0.1096 0.1219
phot_summed_sw00013037003uuu_sk.img 2458850.051 58849.5508 2020-01-01T13:13:09.428 U 17.8758 0.0777 22.4123 0.25784 0.018453 0.018453 0.0038762 104.8319     
phot_summed_sw00013037003ubb_sk.img 2458850.051 58849.5515 2020-01-01T13:14:07.268 B 17.231 0.0696 21.599 0.46154 0.029597 0.029597 0.0017464 104.8753     
phot_summed_sw00013037003uw2_sk.img 2458850.053 58849.5534 2020-01-01T13:16:49.486 UVW2 19.4924 0.1029 23.7837 0.057875 0.0054855 0.0054855 0.0012086 524.1486 0.0448 0.00562 19.77 0.1283 0.1456
phot_summed_sw00013037003uvv_sk.img 2458850.055 58849.5553 2020-01-01T13:19:36.826 V 16.7574 0.0863 20.7322 0.71684 0.05701 0.05701 0.0023885 104.8536     
phot_summed_sw00013037003um2_sk.img 2458850.058 58849.5582 2020-01-01T13:23:44.857 UVM2 19.6078 0.0969 23.7263 0.052239 0.0046638 0.0046638 0.00032615 823.6264 0.04092 0.004829 19.87 0.1211 0.1363
phot_summed_sw00013037004uw1_sk.img 2458851.012 58850.5118 2020-01-02T12:17:01.094 UVW1 18.7028 0.0906 23.1043 0.11967 0.0099877 0.0099877 0.003624 286.9205 0.1 0.0101 18.9 0.1044 0.1155
phot_summed_sw00013037004uuu_sk.img 2458851.013 58850.5131 2020-01-02T12:18:48.807 U 17.7535 0.0773 22.3419 0.28859 0.020538 0.020538 0.0043384 95.0154     
phot_summed_sw00013037004ubb_sk.img 2458851.014 58850.5137 2020-01-02T12:19:41.534 B 17.0072 0.0668 21.5306 0.56722 0.034921 0.034921 0.0021462 95.0154     
phot_summed_sw00013037004uw2_sk.img 2458851.015 58850.5153 2020-01-02T12:22:00.427 UVW2 19.6075 0.11 23.727 0.052057 0.0052756 0.0052756 0.0010871 477.9005 0.03898 0.005416 19.92 0.1412 0.1624
phot_summed_sw00013037004uvv_sk.img 2458851.017 58850.5172 2020-01-02T12:24:44.531 V 16.4831 0.0803 20.6656 0.92284 0.068262 0.068262 0.003075 95.0263     
phot_summed_sw00013037004um2_sk.img 2458851.019 58850.5193 2020-01-02T12:27:46.833 UVM2 19.5467 0.1012 23.6377 0.055263 0.0051515 0.0051515 0.00034503 690.2899 0.04394 0.005302 19.79 0.1237 0.1396
phot_summed_sw00013037005uw1_sk.img 2458854.231 58853.7307 2020-01-05T17:32:12.104 UVW1 18.2232 0.0809 23.0327 0.18614 0.013875 0.013875 0.0056368 251.7361 0.1665 0.01395 18.35 0.08737 0.09502
phot_summed_sw00013037005uuu_sk.img 2458854.233 58853.7327 2020-01-05T17:35:06.946 U 16.9933 0.0651 22.2223 0.58129 0.034834 0.034834 0.0087385 83.3855     
phot_summed_sw00013037005ubb_sk.img 2458854.234 58853.7338 2020-01-05T17:36:36.528 B 16.076 0.054 21.3945 1.3373 0.066462 0.066462 0.0050599 83.4399     
phot_summed_sw00013037005uw2_sk.img 2458854.237 58853.7368 2020-01-05T17:40:58.676 UVW2 19.5964 0.1145 23.6802 0.052589 0.0055472 0.0055472 0.0010983 420.0551 0.03951 0.005681 19.91 0.1458 0.1685
phot_summed_sw00013037005uvv_sk.img 2458854.24 58853.7398 2020-01-05T17:45:19.268 V 15.6787 0.0635 20.5603 1.9359 0.11316 0.11316 0.0064506 83.4399     
phot_summed_sw00013037005um2_sk.img 2458854.244 58853.7443 2020-01-05T17:51:51.284 UVM2 19.5245 0.101 23.6336 0.056404 0.0052465 0.0052465 0.00035215 679.8218 0.04509 0.005394 19.76 0.1227 0.1383
phot_summed_sw00013037006uw1_sk.img 2458856.023 58855.5226 2020-01-07T12:32:34.307 UVW1 17.9787 0.0756 23.0022 0.23314 0.016226 0.016226 0.0070601 247.7942 0.2135 0.01629 18.08 0.07984 0.08618
phot_summed_sw00013037006uuu_sk.img 2458856.025 58855.5246 2020-01-07T12:35:26.512 U 16.5967 0.0595 22.1986 0.83755 0.04593 0.04593 0.012591 82.4408     
phot_summed_sw00013037006ubb_sk.img 2458856.026 58855.5256 2020-01-07T12:36:54.902 B 15.6414 0.0495 21.3552 1.9955 0.091043 0.091043 0.0075505 82.4517     
phot_summed_sw00013037006uw2_sk.img 2458856.029 58855.5286 2020-01-07T12:41:11.992 UVW2 19.1429 0.1001 23.594 0.079856 0.0073644 0.0073644 0.0016677 412.1716 0.06678 0.007465 19.34 0.1151 0.1287
phot_summed_sw00013037006uvv_sk.img 2458856.032 58855.5316 2020-01-07T12:45:28.435 V 15.2996 0.0571 20.5307 2.7449 0.14427 0.14427 0.0091463 82.4191     
phot_summed_sw00013037006um2_sk.img 2458856.036 58855.5361 2020-01-07T12:51:55.608 UVM2 19.2141 0.091 23.5772 0.075075 0.0062957 0.0062957 0.00046872 671.2652 0.06376 0.006419 19.39 0.1042 0.1152
phot_summed_sw00013037008uuu_sk.img 2458860.404 58859.9035 2020-01-11T21:41:05.284 U 16.3765 0.0636 21.9091 1.0258 0.060101 0.060101 0.015422 52.9154     
phot_summed_sw00013037008ubb_sk.img 2458860.404 58859.9042 2020-01-11T21:42:04.354 B 15.0568 0.0495 21.0038 3.4191 0.15595 0.15595 0.012937 52.9372     
phot_summed_sw00013037008uw2_sk.img 2458860.406 58859.9062 2020-01-11T21:44:52.645 UVW2 18.9368 0.1084 23.3265 0.096551 0.0096432 0.0096432 0.0020163 264.8858 0.08347 0.009721 19.1 0.1196 0.1344
phot_summed_sw00013037008uvv_sk.img 2458860.408 58859.908 2020-01-11T21:47:34.172 V 14.892 0.0595 20.2167 3.9957 0.21897 0.21897 0.013314 50.4396     
phot_summed_sw00013037008um2_sk.img 2458860.411 58859.911 2020-01-11T21:51:50.329 UVM2 19.0981 0.101 23.5142 0.083538 0.0077749 0.0077749 0.00052156 445.5627 0.07222 0.007875 19.25 0.1124 0.1254
phot_summed_sw00013037008uw1_sk.img 2458860.435 58859.9345 2020-01-11T22:25:43.864 UVW1 17.8311 0.0769 22.8776 0.2671 0.018921 0.018921 0.0080886 204.6879 0.2475 0.01898 17.92 0.08023 0.08663
phot_summed_sw00013037009uw1_sk.img 2458862.028 58861.5277 2020-01-13T12:39:49.583 UVW1 17.7915 0.0678 23.1379 0.277 0.017293 0.017293 0.0083886 304.6426 0.2574 0.01736 17.87 0.07085 0.0758
phot_summed_sw00013037009uuu_sk.img 2458862.029 58861.5289 2020-01-13T12:41:37.252 U 16.4729 0.0557 22.3279 0.93869 0.04813 0.04813 0.014111 101.9     
phot_summed_sw00013037009ubb_sk.img 2458862.03 58861.5296 2020-01-13T12:42:33.641 B 15.0126 0.0439 21.381 3.561 0.14403 0.14403 0.013474 101.9326     
phot_summed_sw00013037009uw2_sk.img 2458862.031 58861.5314 2020-01-13T12:45:13.944 UVW2 18.9652 0.0899 23.7868 0.094059 0.0077854 0.0077854 0.0019643 507.4259 0.08098 0.007881 19.13 0.1008 0.1112
phot_summed_sw00013037009uvv_sk.img 2458862.033 58861.5333 2020-01-13T12:47:53.667 V 14.8141 0.0481 20.6261 4.2927 0.1901 0.1901 0.014303 101.9108     
phot_summed_sw00013037009um2_sk.img 2458862.036 58861.5361 2020-01-13T12:51:55.878 UVM2 19.042 0.0793 23.9129 0.087969 0.0064268 0.0064268 0.00054922 852.3373 0.07665 0.006548 19.19 0.089 0.09695
phot_summed_sw00013037010uw1_sk.img 2458865.056 58864.5564 2020-01-16T13:21:13.356 UVW1 17.9016 0.0907 22.5959 0.25031 0.020903 0.020903 0.0075803 135.5334 0.2307 0.02095 17.99 0.0944 0.1034
phot_summed_sw00013037010uuu_sk.img 2458865.058 58864.5575 2020-01-16T13:22:49.550 U 16.6344 0.0708 21.8364 0.80898 0.052723 0.052723 0.012162 45.0319     
phot_summed_sw00013037010ubb_sk.img 2458865.058 58864.5581 2020-01-16T13:23:39.905 B 15.0579 0.0518 20.8989 3.4155 0.16291 0.16291 0.012924 45.0536     
phot_summed_sw00013037010uw2_sk.img 2458865.06 58864.5598 2020-01-16T13:26:03.774 UVW2 19.1894 0.1246 23.2367 0.076509 0.0087837 0.0087837 0.0015978 227.1358 0.06343 0.008869 19.39 0.1421 0.1635
phot_summed_sw00013037010uvv_sk.img 2458865.061 58864.5614 2020-01-16T13:28:26.463 V 14.7616 0.0598 20.1148 4.5055 0.24817 0.24817 0.015013 45.0536     
phot_summed_sw00013037010um2_sk.img 2458865.064 58864.5641 2020-01-16T13:32:14.965 UVM2 19.1676 0.1086 23.3758 0.07836 0.0078411 0.0078411 0.00048923 396.8387 0.06704 0.007941 19.33 0.1215 0.1369
phot_summed_sw00013037011uw1_sk.img 2458867.314 58866.8135 2020-01-18T19:31:26.691 UVW1 18.2711 0.1053 22.6063 0.1781 0.01728 0.01728 0.0053933 129.6815 0.1585 0.01734 18.4 0.1128 0.1258
phot_summed_sw00013037011uuu_sk.img 2458867.315 58866.8146 2020-01-18T19:32:58.857 U 16.934 0.0786 21.8157 0.61387 0.044452 0.044452 0.0092284 43.0664     
phot_summed_sw00013037011ubb_sk.img 2458867.315 58866.8151 2020-01-18T19:33:47.237 B 15.1823 0.0534 20.9075 3.0456 0.14976 0.14976 0.011524 43.0881     
phot_summed_sw00013037011uw2_sk.img 2458867.317 58866.8167 2020-01-18T19:36:05.556 UVW2 19.5695 0.1465 23.2248 0.05391 0.0072746 0.0072746 0.0011258 216.3094 0.04083 0.007377 19.87 0.1803 0.2163
phot_summed_sw00013037011uvv_sk.img 2458867.318 58866.8183 2020-01-18T19:38:21.834 V 14.809 0.0618 20.0866 4.3132 0.24553 0.24553 0.014372 43.0881     
phot_summed_sw00013037011um2_sk.img 2458867.321 58866.821 2020-01-18T19:42:12.179 UVM2 19.5127 0.1234 23.4289 0.057021 0.0064826 0.0064826 0.000356 402.4094 0.0457 0.006603 19.75 0.1465 0.1694
phot_summed_sw00013037012u_sk.img 2458867.92 58867.4203 2020-01-19T10:05:15.224 UVW1 18.5466 0.1951 21.7362 0.13818 0.024825 0.024825 0.0041846 42.181 0.1185 0.02487 18.72 0.2068 0.2556
phot_summed_sw00013037012uw1_sk.img 2458867.92 58867.4203 2020-01-19T10:05:15.224 UVW1 18.5466 0.1951 21.7362 0.13818 0.024825 0.024825 0.0041846 42.181 0.1185 0.02487 18.72 0.2068 0.2556
phot_summed_sw00013037013uw1_sk.img 2458870.691 58870.1905 2020-01-22T04:34:22.387 UVW1 18.4436 0.1083 22.5854 0.15194 0.015153 0.015153 0.0046012 143.4707 0.1323 0.01522 18.6 0.1183 0.1327
phot_summed_sw00013037013uuu_sk.img 2458870.692 58870.1917 2020-01-22T04:36:04.760 U 17.0843 0.0791 21.8813 0.53453 0.038944 0.038944 0.0080356 47.9964     
phot_summed_sw00013037013ubb_sk.img 2458870.692 58870.1923 2020-01-22T04:36:58.110 B 15.4474 0.0543 20.9936 2.3858 0.11931 0.11931 0.0090275 48.0073     
phot_summed_sw00013037013uw2_sk.img 2458870.694 58870.1941 2020-01-22T04:39:29.460 UVW2 19.5856 0.1423 23.1972 0.053118 0.0069639 0.0069639 0.0011093 238.9503 0.04004 0.007071 19.89 0.1766 0.211
phot_summed_sw00013037013uvv_sk.img 2458870.696 58870.1956 2020-01-22T04:41:43.813 V 14.8323 0.09 19.4726 4.2214 0.34978 0.34978 0.014066 16.2232     
phot_summed_sw00013037014uw1_sk.img 2458872.883 58872.383 2020-01-24T09:11:31.502 UVW1 18.6153 0.098 22.9067 0.12971 0.011714 0.011714 0.0039281 215.2925 0.1101 0.01181 18.8 0.1106 0.1232
phot_summed_sw00013037014uuu_sk.img 2458872.885 58872.3847 2020-01-24T09:14:01.774 U 17.3676 0.0754 22.1298 0.41177 0.028587 0.028587 0.0061902 71.5928     
phot_summed_sw00013037014ubb_sk.img 2458872.886 58872.3856 2020-01-24T09:15:18.988 B 15.7351 0.0519 21.2714 1.8306 0.08757 0.08757 0.0069265 71.6254     
phot_summed_sw00013037014uw2_sk.img 2458872.888 58872.3882 2020-01-24T09:19:03.436 UVW2 19.7916 0.1305 23.5484 0.043935 0.0052825 0.0052825 0.00091751 359.0281 0.03086 0.005422 20.18 0.1758 0.2098
phot_summed_sw00013037014uvv_sk.img 2458872.891 58872.3908 2020-01-24T09:22:47.956 V 14.8372 0.0528 20.3911 4.2024 0.20417 0.20417 0.014003 71.6362     
phot_summed_sw00013037014um2_sk.img 2458872.895 58872.3948 2020-01-24T09:28:32.597 UVM2 20.0566 0.1319 23.5465 0.034553 0.0041983 0.0041983 0.00021573 598.543 0.02323 0.004381 20.48 0.1876 0.2269
phot_summed_sw00013037015uw1_sk.img 2458889.11 58888.6095 2020-02-09T14:37:44.548 UVW1 19.7629 0.207 22.4692 0.045076 0.0085957 0.0085957 0.0013651 124.7617 0.02545 0.008721 20.39 0.32 0.4556
phot_summed_sw00013037015uuu_sk.img 2458889.111 58888.6106 2020-02-09T14:39:13.080 U 18.5091 0.15 21.6223 0.1439 0.019877 0.019877 0.0021632 41.1118     
phot_summed_sw00013037015ubb_sk.img 2458889.111 58888.6111 2020-02-09T14:39:59.396 B 17.0801 0.097 20.8226 0.53037 0.047408 0.047408 0.0020068 41.2204     
phot_summed_sw00013037015uw2_sk.img 2458889.113 58888.6126 2020-02-09T14:42:11.698 UVW2 20.1132 0.195 22.8523 0.032672 0.0058673 0.0058673 0.00068231 208.4367 0.0196 0.005994 20.67 0.2898 0.3964
phot_summed_sw00013037015uvv_sk.img 2458889.114 58888.6142 2020-02-09T14:44:22.962 V 15.7682 0.0884 19.7608 1.7827 0.14515 0.14515 0.0059401 41.1118     
phot_summed_sw00013037015um2_sk.img 2458889.116 58888.6159 2020-02-09T14:46:55.503 UVM2 20.4789 0.2497 22.7672 0.023418 0.0053851 0.0053851 0.00014621 249.9069 0.0121 0.005529 21.19 0.4086 0.6629
phot_summed_sw00013037016uw1_sk.img 2458897.342 58896.8415 2020-02-17T20:11:45.856 UVW1 19.8335 0.2326 22.3802 0.042236 0.0090483 0.0090483 0.0012791 104.1083 0.02261 0.009167 20.51 0.3696 0.5647
phot_summed_sw00013037016uuu_sk.img 2458897.342 58896.8424 2020-02-17T20:13:00.304 U 18.7074 0.1751 21.6999 0.11988 0.019333 0.019333 0.0018022 34.2164     
phot_summed_sw00013037016ubb_sk.img 2458897.343 58896.8428 2020-02-17T20:13:39.659 B 17.1063 0.1042 20.9111 0.51773 0.049698 0.049698 0.001959 34.2164     
phot_summed_sw00013037016uw2_sk.img 2458897.344 58896.8441 2020-02-17T20:15:30.722 UVW2 20.1496 0.2105 22.9188 0.031595 0.0061254 0.0061254 0.00065982 173.0041 0.01852 0.006246 20.73 0.3156 0.4467
phot_summed_sw00013037016uvv_sk.img 2458897.345 58896.8454 2020-02-17T20:17:20.378 V 16.1096 0.1073 19.9515 1.3017 0.12862 0.12862 0.0043375 34.2273     
phot_summed_sw00013037016um2_sk.img 2458897.347 58896.8473 2020-02-17T20:20:09.082 UVM2 20.7033 0.2561 22.9646 0.019046 0.0044927 0.0044927 0.00011891 289.8677 0.007727 0.004664 21.68 0.5127 1.005
phot_summed_sw00013037017uw1_sk.img 2458899.198 58898.6975 2020-02-19T16:44:26.631 UVW1 19.9253 0.1578 23.0091 0.038815 0.0056415 0.0056415 0.0011754 259.3525 0.01919 0.005831 20.69 0.2881 0.3933
phot_summed_sw00013037017uuu_sk.img 2458899.198 58898.6984 2020-02-19T16:45:44.125 U 18.6505 0.1128 22.2684 0.12632 0.013125 0.013125 0.001899 86.1546     
phot_summed_sw00013037017ubb_sk.img 2458899.199 58898.699 2020-02-19T16:46:32.636 B 17.2102 0.0743 21.4684 0.47045 0.032188 0.032188 0.0017801 86.1112     
phot_summed_sw00013037017uw2_sk.img 2458899.201 58898.7009 2020-02-19T16:49:19.520 UVW2 20.5333 0.1659 23.5654 0.022189 0.0033899 0.0033899 0.00046338 433.618 0.009112 0.003604 21.5 0.3618 0.5466
phot_summed_sw00013037017uvv_sk.img 2458899.202 58898.7022 2020-02-19T16:51:06.650 V 16.1151 0.0728 20.5763 1.2953 0.086856 0.086856 0.0043159 86.1655     
phot_summed_sw00013037017um2_sk.img 2458899.205 58898.7052 2020-02-19T16:55:26.321 UVM2 20.9369 0.1851 23.5956 0.015359 0.0026189 0.0026189 0.000095893 730.859 0.00404 0.002903 22.38 0.5879 1.377
phot_summed_sw00013037018uw1_sk.img 2458901.344 58900.8443 2020-02-21T20:15:47.781 UVW1 19.9779 0.1333 23.2875 0.03698 0.0045408 0.0045408 0.0011199 397.8934 0.01735 0.004774 20.8 0.2639 0.3494
phot_summed_sw00013037018uuu_sk.img 2458901.346 58900.8456 2020-02-21T20:17:36.536 U 18.8311 0.1015 22.5475 0.10696 0.0099955 0.0099955 0.001608 132.2941     
phot_summed_sw00013037018ubb_sk.img 2458901.346 58900.8462 2020-02-21T20:18:29.323 B 17.1907 0.0635 21.7127 0.47899 0.028011 0.028011 0.0018124 132.0986     
phot_summed_sw00013037018uw2_sk.img 2458901.348 58900.8477 2020-02-21T20:20:43.213 UVW2 20.6085 0.1423 23.8997 0.020704 0.0027133 0.0027133 0.00043237 664.6846 0.007627 0.002977 21.69 0.3577 0.5371
phot_summed_sw00013037018uvv_sk.img 2458901.35 58900.8496 2020-02-21T20:23:28.668 V 16.1964 0.064 20.8362 1.2017 0.070853 0.070853 0.0040042 132.1638     
phot_summed_sw00013037018um2_sk.img 2458901.351 58900.8509 2020-02-21T20:25:15.660 UVM2 20.5584 0.1347 23.8781 0.021766 0.0027001 0.0027001 0.00013589 945.257 0.01045 0.002976 21.35 0.2722 0.3641
phot_summed_sw00013037019uw1_sk.img 2458907.45 58906.95 2020-02-27T22:47:59.570 UVW1 20.0166 0.1987 22.7723 0.035682 0.0065317 0.0065317 0.0010806 172.7298 0.01605 0.006696 20.89 0.3785 0.5861
phot_summed_sw00013037019uuu_sk.img 2458907.451 58906.9507 2020-02-27T22:49:02.041 U 18.8663 0.1492 22.0242 0.10355 0.014235 0.014235 0.0015567 56.6183     
phot_summed_sw00013037019ubb_sk.img 2458907.451 58906.9511 2020-02-27T22:49:35.405 B 17.3926 0.0946 21.2215 0.39771 0.034639 0.034639 0.0015049 56.6509     
phot_summed_sw00013037019uw2_sk.img 2458907.452 58906.9522 2020-02-27T22:51:08.743 UVW2 20.7733 0.2192 23.4118 0.017788 0.0035918 0.0035918 0.00037148 288.923 0.004711 0.003795 22.22 0.6415 1.778
phot_summed_sw00013037019uvv_sk.img 2458907.453 58906.9533 2020-02-27T22:52:40.874 V 16.3505 0.0949 20.3337 1.0427 0.091177 0.091177 0.0034745 56.6292     
phot_summed_sw00013037019um2_sk.img 2458907.455 58906.9549 2020-02-27T22:55:02.912 UVM2 20.7856 0.2007 23.5355 0.017656 0.0032634 0.0032634 0.00011024 486.175 0.006337 0.003496 21.9 0.477 0.8709